6 0.500000 0.742361 1.000000 0.515278
7 0.157812 0.292361 0.315625 0.584722
7 0.843750 0.288889 0.312500 0.577778
5 0.293750 0.414583 0.176563 0.348611
5 0.888672 0.419444 0.216406 0.272222
5 0.119141 0.411806 0.238281 0.484722
5 0.703906 0.452083 0.107813 0.170833
0 0.516797 0.484722 0.007031 0.022222
0 0.419922 0.540278 0.078906 0.077778
0 0.527344 0.482639 0.020313 0.026389
0 0.448828 0.518750 0.036719 0.051389
1 0.576172 0.506944 0.060156 0.125000
4 0.809766 0.556250 0.052344 0.115278
4 0.857031 0.563194 0.065625 0.143056
4 0.770312 0.548611 0.053125 0.116667