6 0.500000 0.742361 1.000000 0.515278
7 0.157812 0.292361 0.315625 0.584722
7 0.843750 0.288889 0.312500 0.577778
5 0.303906 0.414583 0.196875 0.348611
5 0.888672 0.435417 0.216406 0.304167
5 0.119141 0.411806 0.238281 0.484722
5 0.698438 0.452083 0.096875 0.170833
0 0.518750 0.490278 0.004687 0.019444
0 0.438281 0.520833 0.057813 0.058333
0 0.530859 0.487500 0.022656 0.030556
0 0.460547 0.507639 0.028906 0.040278
1 0.605469 0.525694 0.093750 0.173611
4 0.792969 0.550000 0.048438 0.108333
4 0.837500 0.559028 0.062500 0.134722
4 0.757812 0.544444 0.048438 0.111111