6 0.394922 0.742361 0.789844 0.515278
7 0.157812 0.292361 0.315625 0.584722
7 0.843750 0.288889 0.312500 0.577778
5 0.269922 0.414583 0.128906 0.348611
5 0.889453 0.418056 0.214844 0.269444
5 0.119141 0.411806 0.238281 0.484722
5 0.708594 0.452083 0.117188 0.170833
0 0.803906 0.798611 0.392188 0.402778
0 0.366797 0.589583 0.138281 0.131944
0 0.523438 0.479167 0.015625 0.022222
0 0.419141 0.544444 0.060156 0.075000
1 0.557031 0.495139 0.042188 0.093056
4 0.832031 0.565278 0.057813 0.125000
4 0.888672 0.576389 0.055469 0.150000
4 0.787500 0.547917 0.057813 0.115278