6 0.500000 0.742361 1.000000 0.515278
7 0.157812 0.292361 0.315625 0.584722
7 0.843750 0.288889 0.312500 0.577778
5 0.265234 0.414583 0.119531 0.348611
5 0.885938 0.420833 0.221875 0.275000
5 0.114844 0.411806 0.229687 0.484722
5 0.708594 0.452083 0.117188 0.170833
0 0.590234 0.569444 0.078906 0.108333
0 0.182812 0.790278 0.365625 0.388889
0 0.694531 0.625694 0.168750 0.218056
0 0.348828 0.603472 0.130469 0.131944
1 0.545703 0.488194 0.033594 0.076389
4 0.855859 0.570833 0.061719 0.136111
4 0.906641 0.581944 0.074219 0.161111
4 0.816797 0.556944 0.047656 0.133333