6 0.373047 0.742361 0.746094 0.515278
7 0.157812 0.292361 0.315625 0.584722
7 0.843750 0.288889 0.312500 0.577778
5 0.274219 0.414583 0.137500 0.348611
5 0.889453 0.418750 0.214844 0.270833
5 0.119141 0.411806 0.238281 0.484722
5 0.708594 0.452083 0.117188 0.170833
0 0.819922 0.825000 0.360156 0.350000
0 0.381250 0.577083 0.121875 0.118056
0 0.523828 0.479861 0.016406 0.023611
0 0.426953 0.538889 0.053906 0.069444
1 0.559766 0.496528 0.044531 0.098611
4 0.826953 0.561111 0.055469 0.122222
4 0.876563 0.570139 0.068750 0.148611
4 0.783203 0.554861 0.055469 0.123611