6 0.384766 0.742361 0.769531 0.515278
7 0.157812 0.292361 0.315625 0.584722
7 0.843750 0.288889 0.312500 0.577778
5 0.273828 0.414583 0.136719 0.348611
5 0.889453 0.418750 0.214844 0.270833
5 0.119141 0.411806 0.238281 0.484722
5 0.708594 0.452083 0.117188 0.170833
0 0.825781 0.834722 0.348438 0.330556
0 0.384375 0.573611 0.118750 0.113889
0 0.523828 0.479167 0.016406 0.022222
0 0.428516 0.536806 0.052344 0.068056
1 0.560937 0.497222 0.045312 0.100000
4 0.825781 0.559722 0.054688 0.122222
4 0.875781 0.568750 0.068750 0.148611
4 0.782422 0.554167 0.055469 0.122222