6 0.500000 0.742361 1.000000 0.515278
7 0.157812 0.292361 0.315625 0.584722
7 0.843750 0.288889 0.312500 0.577778
5 0.265625 0.414583 0.120313 0.348611
5 0.885938 0.428472 0.221875 0.290278
5 0.114844 0.411806 0.229687 0.484722
5 0.708594 0.452083 0.117188 0.170833
0 0.592969 0.572917 0.082812 0.112500
0 0.185938 0.766667 0.371875 0.355556
0 0.705469 0.636111 0.181250 0.233333
0 0.354297 0.598611 0.124219 0.127778
1 0.546094 0.488194 0.034375 0.076389
4 0.854688 0.570139 0.062500 0.134722
4 0.912891 0.582639 0.058594 0.159722
4 0.808984 0.556944 0.060156 0.133333