6 0.500000 0.742361 1.000000 0.515278
7 0.157812 0.292361 0.315625 0.584722
7 0.843750 0.288889 0.312500 0.577778
5 0.303906 0.414583 0.196875 0.348611
5 0.888672 0.434028 0.216406 0.301389
5 0.119141 0.411806 0.238281 0.484722
5 0.701953 0.452083 0.103906 0.170833
0 0.517578 0.486111 0.007031 0.022222
0 0.427734 0.532639 0.071094 0.070833
0 0.528125 0.484722 0.020313 0.027778
0 0.453516 0.515278 0.033594 0.047222
1 0.583594 0.511806 0.068750 0.137500
4 0.805078 0.554167 0.052344 0.113889
4 0.850781 0.565972 0.064062 0.140278
4 0.766406 0.543750 0.051562 0.115278