6 0.500000 0.742361 1.000000 0.515278
7 0.157812 0.292361 0.315625 0.584722
7 0.843750 0.288889 0.312500 0.577778
5 0.303906 0.414583 0.196875 0.348611
5 0.889453 0.436806 0.214844 0.306944
5 0.119141 0.411806 0.238281 0.484722
5 0.706250 0.429861 0.079687 0.126389
0 0.521875 0.495139 0.004687 0.020833
0 0.448047 0.509028 0.046094 0.045833
0 0.536328 0.491667 0.027344 0.036111
0 0.465625 0.500000 0.023438 0.033333
1 0.668359 0.568056 0.177344 0.286111
4 0.779297 0.543056 0.046094 0.100000
4 0.820312 0.556250 0.059375 0.129167
4 0.754297 0.567361 0.024219 0.051389