6 0.500000 0.742361 1.000000 0.515278
7 0.157812 0.292361 0.315625 0.584722
7 0.843750 0.288889 0.312500 0.577778
5 0.303906 0.414583 0.196875 0.348611
5 0.888672 0.434028 0.216406 0.301389
5 0.119141 0.411806 0.238281 0.484722
5 0.700781 0.451389 0.101562 0.169444
0 0.517578 0.489583 0.005469 0.018056
0 0.431641 0.528472 0.066406 0.065278
0 0.528906 0.484722 0.021875 0.027778
0 0.455859 0.512500 0.032031 0.044444
1 0.589453 0.515278 0.074219 0.147222
4 0.801562 0.551389 0.051562 0.111111
4 0.846484 0.566667 0.063281 0.138889
4 0.763672 0.540278 0.050781 0.113889