6 0.402344 0.742361 0.804688 0.515278
7 0.157812 0.292361 0.315625 0.584722
7 0.843750 0.288889 0.312500 0.577778
5 0.265234 0.414583 0.119531 0.348611
5 0.889453 0.420833 0.214844 0.275000
5 0.119141 0.411806 0.238281 0.484722
5 0.708594 0.452083 0.117188 0.170833
0 0.689453 0.672222 0.217969 0.230556
0 0.337109 0.615972 0.172656 0.162500
0 0.880078 0.804167 0.239844 0.391667
0 0.407813 0.556250 0.067187 0.084722
1 0.553906 0.492361 0.039062 0.087500
4 0.838281 0.555556 0.059375 0.111111
4 0.888672 0.556250 0.071094 0.115278
4 0.799609 0.550694 0.046094 0.126389