6 0.610156 0.742361 0.779687 0.515278
7 0.157812 0.292361 0.315625 0.584722
7 0.843750 0.288889 0.312500 0.577778
5 0.303906 0.414583 0.196875 0.348611
5 0.885938 0.418750 0.221875 0.270833
5 0.119141 0.411806 0.238281 0.484722
5 0.713672 0.452083 0.107031 0.170833
0 0.571875 0.547222 0.057813 0.086111
0 0.144922 0.847917 0.289844 0.304167
0 0.638281 0.573611 0.106250 0.141667
0 0.291016 0.654861 0.197656 0.187500
1 0.542188 0.486806 0.031250 0.070833
4 0.872266 0.575694 0.049219 0.140278
4 0.916406 0.582639 0.076563 0.165278
4 0.820703 0.561806 0.061719 0.137500