6 0.500000 0.742361 1.000000 0.515278
7 0.157812 0.292361 0.315625 0.584722
7 0.843750 0.288889 0.312500 0.577778
5 0.303906 0.414583 0.196875 0.348611
5 0.888672 0.435417 0.216406 0.304167
5 0.119141 0.411806 0.238281 0.484722
5 0.704688 0.450694 0.082812 0.168056
0 0.519141 0.491667 0.003906 0.019444
0 0.441406 0.516667 0.054688 0.055556
0 0.532031 0.488194 0.023438 0.031944
0 0.462109 0.504861 0.027344 0.037500
1 0.617578 0.534028 0.108594 0.195833
4 0.789453 0.547917 0.049219 0.106944
4 0.832422 0.562500 0.061719 0.133333
4 0.754687 0.540278 0.046875 0.108333