6 0.401172 0.742361 0.802344 0.515278
7 0.157812 0.292361 0.315625 0.584722
7 0.843750 0.288889 0.312500 0.577778
5 0.265234 0.414583 0.119531 0.348611
5 0.888672 0.419444 0.216406 0.272222
5 0.116797 0.411806 0.233594 0.484722
5 0.708594 0.452083 0.117188 0.170833
0 0.637109 0.620139 0.141406 0.165278
0 0.301172 0.648611 0.217969 0.200000
0 0.839453 0.778472 0.321094 0.443056
0 0.393750 0.568056 0.081250 0.097222
1 0.550781 0.491667 0.037500 0.083333
4 0.850391 0.536806 0.042969 0.065278
4 0.894531 0.545139 0.071875 0.098611
4 0.798828 0.527778 0.060156 0.072222