6 0.500000 0.742361 1.000000 0.515278
7 0.157812 0.292361 0.315625 0.584722
7 0.843750 0.288889 0.312500 0.577778
5 0.287109 0.414583 0.163281 0.348611
5 0.888672 0.419444 0.216406 0.272222
5 0.119141 0.411806 0.238281 0.484722
5 0.705078 0.452083 0.110156 0.170833
0 0.516406 0.484028 0.007812 0.020833
0 0.412500 0.547917 0.087500 0.087500
0 0.526563 0.481944 0.018750 0.025000
0 0.444141 0.523611 0.039844 0.055556
1 0.570703 0.503472 0.055469 0.115278
4 0.815234 0.556250 0.053906 0.118056
4 0.869141 0.570139 0.052344 0.143056
4 0.774219 0.546528 0.054688 0.118056