6 0.403516 0.742361 0.807031 0.515278
7 0.157812 0.292361 0.315625 0.584722
7 0.843750 0.288889 0.312500 0.577778
5 0.265234 0.414583 0.119531 0.348611
5 0.888672 0.418056 0.216406 0.269444
5 0.119141 0.411806 0.238281 0.484722
5 0.708594 0.452083 0.117188 0.170833
0 0.675781 0.659028 0.196875 0.215278
0 0.330859 0.621528 0.180469 0.168056
0 0.869141 0.796528 0.261719 0.406944
0 0.405859 0.557639 0.069531 0.087500
1 0.552734 0.492361 0.038281 0.087500
4 0.838672 0.549306 0.057031 0.098611
4 0.896875 0.549306 0.056250 0.104167
4 0.794531 0.546528 0.059375 0.118056