6 0.500000 0.742361 1.000000 0.515278
7 0.157812 0.292361 0.315625 0.584722
7 0.843750 0.288889 0.312500 0.577778
5 0.283203 0.414583 0.155469 0.348611
5 0.889062 0.418056 0.215625 0.269444
5 0.119141 0.411806 0.238281 0.484722
5 0.706250 0.452083 0.112500 0.170833
0 0.516406 0.483333 0.007812 0.022222
0 0.407031 0.553472 0.093750 0.093056
0 0.526563 0.481944 0.018750 0.025000
0 0.441406 0.526389 0.042188 0.058333
1 0.568359 0.501389 0.052344 0.111111
4 0.817969 0.559722 0.054688 0.119444
4 0.872656 0.572222 0.053125 0.144444
4 0.782031 0.544444 0.043750 0.119444