6 0.500000 0.742361 1.000000 0.515278
7 0.157812 0.292361 0.315625 0.584722
7 0.843750 0.288889 0.312500 0.577778
5 0.303906 0.414583 0.196875 0.348611
5 0.888672 0.434722 0.216406 0.302778
5 0.119141 0.411806 0.238281 0.484722
5 0.699219 0.452083 0.098437 0.170833
0 0.517969 0.490278 0.004687 0.019444
0 0.436328 0.522917 0.060156 0.059722
0 0.530078 0.485417 0.022656 0.029167
0 0.458984 0.508333 0.030469 0.041667
1 0.599609 0.521528 0.086719 0.165278
4 0.796094 0.552083 0.050000 0.109722
4 0.840625 0.558333 0.062500 0.136111
4 0.759766 0.543056 0.049219 0.111111