6 0.500000 0.742361 1.000000 0.515278
7 0.157812 0.292361 0.315625 0.584722
7 0.843750 0.288889 0.312500 0.577778
5 0.280469 0.414583 0.150000 0.348611
5 0.889453 0.418056 0.214844 0.269444
5 0.119141 0.411806 0.238281 0.484722
5 0.707031 0.452083 0.114062 0.170833
0 0.948438 0.972222 0.103125 0.055556
0 0.402344 0.556944 0.098437 0.097222
0 0.525000 0.480556 0.017188 0.022222
0 0.439063 0.528472 0.043750 0.059722
1 0.566016 0.500694 0.050781 0.109722
4 0.825391 0.561111 0.042969 0.119444
4 0.867969 0.571528 0.067187 0.145833
4 0.777734 0.545833 0.055469 0.119444