6 0.500000 0.742361 1.000000 0.515278
7 0.157812 0.292361 0.315625 0.584722
7 0.843750 0.288889 0.312500 0.577778
5 0.303906 0.414583 0.196875 0.348611
5 0.889453 0.435417 0.214844 0.304167
5 0.119141 0.411806 0.238281 0.484722
5 0.704688 0.450000 0.082812 0.166667
0 0.519531 0.492361 0.004687 0.020833
0 0.442188 0.515972 0.053125 0.054167
0 0.532422 0.488194 0.024219 0.031944
0 0.462500 0.504167 0.026562 0.038889
1 0.620703 0.535417 0.111719 0.201389
4 0.788672 0.548611 0.049219 0.105556
4 0.831641 0.562500 0.061719 0.133333
4 0.753906 0.538889 0.046875 0.108333