6 0.500000 0.742361 1.000000 0.515278
7 0.157812 0.292361 0.315625 0.584722
7 0.843750 0.288889 0.312500 0.577778
5 0.303906 0.414583 0.196875 0.348611
5 0.889453 0.436111 0.214844 0.305556
5 0.119141 0.411806 0.238281 0.484722
5 0.706250 0.450000 0.079687 0.166667
0 0.521875 0.493056 0.006250 0.022222
0 0.446484 0.510417 0.047656 0.048611
0 0.535156 0.490972 0.026562 0.034722
0 0.465234 0.500694 0.024219 0.034722
1 0.652734 0.557639 0.155469 0.256944
4 0.781250 0.545139 0.048438 0.104167
4 0.829297 0.554167 0.047656 0.130556
4 0.750000 0.538889 0.040625 0.105556