6 0.500000 0.742361 1.000000 0.515278
7 0.157812 0.292361 0.315625 0.584722
7 0.843750 0.288889 0.312500 0.577778
5 0.267578 0.414583 0.124219 0.348611
5 0.889453 0.419444 0.214844 0.272222
5 0.119141 0.411806 0.238281 0.484722
5 0.708594 0.452083 0.117188 0.170833
0 0.783594 0.774306 0.364063 0.373611
0 0.362109 0.593750 0.142969 0.137500
0 0.522266 0.478472 0.016406 0.020833
0 0.417578 0.546528 0.061719 0.076389
1 0.556641 0.495139 0.041406 0.093056
4 0.832812 0.565278 0.057813 0.125000
4 0.882422 0.577083 0.069531 0.151389
4 0.794531 0.547917 0.045312 0.118056