6 0.500000 0.742361 1.000000 0.515278
7 0.157812 0.292361 0.315625 0.584722
7 0.843750 0.288889 0.312500 0.577778
5 0.295703 0.414583 0.180469 0.348611
5 0.888672 0.420139 0.216406 0.273611
5 0.119141 0.411806 0.238281 0.484722
5 0.703516 0.452083 0.107031 0.170833
0 0.516797 0.485417 0.007031 0.023611
0 0.422656 0.537500 0.076563 0.075000
0 0.527734 0.484028 0.019531 0.026389
0 0.450781 0.518056 0.035937 0.050000
1 0.578516 0.508333 0.063281 0.127778
4 0.808203 0.556944 0.052344 0.113889
4 0.861719 0.562500 0.051562 0.141667
4 0.769141 0.548611 0.052344 0.116667