6 0.500000 0.742361 1.000000 0.515278
7 0.157812 0.292361 0.315625 0.584722
7 0.843750 0.288889 0.312500 0.577778
5 0.267578 0.413194 0.124219 0.345833
5 0.885938 0.428472 0.221875 0.290278
5 0.114844 0.411806 0.229687 0.484722
5 0.708594 0.452083 0.117188 0.170833
0 0.596094 0.576389 0.085938 0.116667
0 0.194922 0.745833 0.364844 0.325000
0 0.717578 0.649306 0.196094 0.254167
0 0.359375 0.595139 0.118750 0.123611
1 0.546875 0.488889 0.034375 0.077778
4 0.853516 0.569444 0.061719 0.133333
4 0.903906 0.584028 0.073438 0.159722
4 0.807422 0.558333 0.060156 0.133333