6 0.433984 0.742361 0.867969 0.515278
7 0.157812 0.292361 0.315625 0.584722
7 0.843750 0.288889 0.312500 0.577778
5 0.265234 0.414583 0.119531 0.348611
5 0.889453 0.420833 0.214844 0.275000
5 0.119141 0.411806 0.238281 0.484722
5 0.708594 0.452083 0.117188 0.170833
0 0.740234 0.723611 0.296094 0.300000
0 0.353516 0.602083 0.153906 0.145833
0 0.930078 0.838194 0.139844 0.323611
0 0.413672 0.550000 0.063281 0.080556
1 0.555469 0.493750 0.040625 0.090278
4 0.835156 0.565278 0.057813 0.125000
4 0.885156 0.577778 0.070312 0.152778
4 0.790625 0.550694 0.057813 0.126389