6 0.395703 0.742361 0.791406 0.515278
7 0.157812 0.292361 0.315625 0.584722
7 0.843750 0.288889 0.312500 0.577778
5 0.266016 0.414583 0.121094 0.348611
5 0.888672 0.419444 0.216406 0.272222
5 0.117188 0.411806 0.234375 0.484722
5 0.708594 0.452083 0.117188 0.170833
0 0.628516 0.613194 0.127344 0.156944
0 0.292187 0.656250 0.229687 0.209722
0 0.834375 0.775000 0.331250 0.450000
0 0.389844 0.570833 0.085938 0.100000
1 0.550391 0.490972 0.036719 0.081944
4 0.851562 0.540278 0.043750 0.069444
4 0.902734 0.561806 0.057031 0.129167
4 0.800000 0.527083 0.059375 0.068056