6 0.500000 0.742361 1.000000 0.515278
7 0.157812 0.292361 0.315625 0.584722
7 0.843750 0.288889 0.312500 0.577778
5 0.273047 0.409722 0.135156 0.338889
5 0.885938 0.421528 0.221875 0.276389
5 0.114844 0.411806 0.229687 0.484722
5 0.708594 0.452083 0.117188 0.170833
0 0.607422 0.588889 0.100781 0.130556
0 0.245703 0.697917 0.291406 0.259722
0 0.765234 0.693056 0.258594 0.322222
0 0.373437 0.583333 0.103125 0.111111
1 0.548047 0.489583 0.035156 0.079167
4 0.856250 0.570139 0.048438 0.131944
4 0.907813 0.581944 0.057813 0.158333
4 0.808984 0.552083 0.050781 0.115278