6 0.500000 0.742361 1.000000 0.515278
7 0.157812 0.292361 0.315625 0.584722
7 0.843750 0.288889 0.312500 0.577778
5 0.297266 0.414583 0.183594 0.348611
5 0.888672 0.419444 0.216406 0.272222
5 0.119141 0.411806 0.238281 0.484722
5 0.703125 0.452083 0.106250 0.170833
0 0.517188 0.485417 0.007812 0.023611
0 0.424219 0.536111 0.075000 0.075000
0 0.527734 0.484028 0.019531 0.026389
0 0.451172 0.517361 0.035156 0.048611
1 0.579688 0.509028 0.064062 0.131944
4 0.807031 0.556944 0.051562 0.113889
4 0.853906 0.563194 0.065625 0.140278
4 0.768359 0.547917 0.052344 0.115278