6 0.500000 0.742361 1.000000 0.515278
7 0.157812 0.292361 0.315625 0.584722
7 0.843750 0.288889 0.312500 0.577778
5 0.301953 0.414583 0.192969 0.348611
5 0.888672 0.433333 0.216406 0.300000
5 0.119141 0.411806 0.238281 0.484722
5 0.702734 0.452083 0.105469 0.170833
0 0.517188 0.485417 0.007812 0.023611
0 0.425000 0.535417 0.073438 0.073611
0 0.528125 0.484028 0.020313 0.026389
0 0.451953 0.515972 0.035156 0.048611
1 0.581250 0.509722 0.065625 0.133333
4 0.805859 0.556250 0.050781 0.115278
4 0.852734 0.564583 0.064844 0.140278
4 0.767578 0.546528 0.052344 0.115278