6 0.500000 0.742361 1.000000 0.515278
7 0.157812 0.292361 0.315625 0.584722
7 0.843750 0.288889 0.312500 0.577778
5 0.303906 0.414583 0.196875 0.348611
5 0.889453 0.436111 0.214844 0.305556
5 0.119141 0.411806 0.238281 0.484722
5 0.705469 0.450000 0.081250 0.166667
0 0.519922 0.492361 0.003906 0.018056
0 0.443750 0.513889 0.051562 0.052778
0 0.533594 0.489583 0.025000 0.034722
0 0.463281 0.502778 0.026562 0.036111
1 0.629687 0.541667 0.123438 0.216667
4 0.785937 0.545139 0.048438 0.098611
4 0.835156 0.560417 0.048438 0.131944
4 0.751953 0.536806 0.046094 0.106944