6 0.608594 0.742361 0.782813 0.515278
7 0.157812 0.292361 0.315625 0.584722
7 0.843750 0.288889 0.312500 0.577778
5 0.303906 0.414583 0.196875 0.348611
5 0.885938 0.422917 0.221875 0.279167
5 0.119141 0.411806 0.238281 0.484722
5 0.715234 0.452083 0.103906 0.170833
0 0.573438 0.549306 0.059375 0.087500
0 0.151562 0.838194 0.303125 0.323611
0 0.643359 0.578472 0.111719 0.148611
0 0.300000 0.646528 0.185938 0.179167
1 0.542969 0.486806 0.031250 0.070833
4 0.864453 0.576389 0.063281 0.138889
4 0.923047 0.580556 0.060156 0.163889
4 0.825781 0.560417 0.048438 0.137500