6 0.500000 0.742361 1.000000 0.515278
7 0.157812 0.292361 0.315625 0.584722
7 0.843750 0.288889 0.312500 0.577778
5 0.303906 0.414583 0.196875 0.348611
5 0.889453 0.436806 0.214844 0.306944
5 0.119141 0.411806 0.238281 0.484722
5 0.708594 0.391667 0.065625 0.050000
0 0.523828 0.496528 0.005469 0.020833
0 0.450391 0.506250 0.042969 0.043056
0 0.539453 0.494444 0.028906 0.038889
0 0.466797 0.497917 0.022656 0.031944
1 0.711328 0.602083 0.242969 0.370833
4 0.812891 0.545139 0.016406 0.073611