6 0.605859 0.742361 0.788281 0.515278
7 0.157812 0.292361 0.315625 0.584722
7 0.843750 0.288889 0.312500 0.577778
5 0.266016 0.414583 0.121094 0.348611
5 0.885938 0.422917 0.221875 0.279167
5 0.119141 0.411806 0.238281 0.484722
5 0.715234 0.452083 0.103906 0.170833
0 0.577734 0.554167 0.064844 0.091667
0 0.162891 0.822917 0.325781 0.354167
0 0.654687 0.590278 0.123438 0.166667
0 0.316016 0.631944 0.167969 0.161111
1 0.543359 0.487500 0.032031 0.072222
4 0.868750 0.577083 0.050000 0.137500
4 0.920703 0.579167 0.060156 0.163889
4 0.816797 0.558333 0.061719 0.136111