6 0.500000 0.742361 1.000000 0.515278
7 0.157812 0.292361 0.315625 0.584722
7 0.843750 0.288889 0.312500 0.577778
5 0.303906 0.414583 0.196875 0.348611
5 0.889453 0.436111 0.214844 0.305556
5 0.119141 0.411806 0.238281 0.484722
5 0.706250 0.450000 0.079687 0.166667
0 0.520703 0.493056 0.003906 0.019444
0 0.445703 0.511806 0.049219 0.048611
0 0.534766 0.490972 0.025781 0.034722
0 0.464844 0.501389 0.025000 0.036111
1 0.644531 0.551389 0.143750 0.241667
4 0.782813 0.546528 0.048438 0.104167
4 0.824609 0.554861 0.060156 0.129167
4 0.749219 0.536806 0.045312 0.106944