6 0.621094 0.742361 0.757812 0.515278
7 0.157812 0.292361 0.315625 0.584722
7 0.843750 0.288889 0.312500 0.577778
5 0.303906 0.414583 0.196875 0.348611
5 0.885938 0.418750 0.221875 0.270833
5 0.119141 0.411806 0.238281 0.484722
5 0.708594 0.452083 0.117188 0.170833
0 0.569531 0.545139 0.050000 0.081944
0 0.145313 0.859028 0.290625 0.281944
0 0.628125 0.569444 0.100000 0.136111
0 0.294531 0.663889 0.204687 0.197222
1 0.542578 0.486111 0.030469 0.069444
4 0.867969 0.576389 0.054688 0.138889
4 0.913281 0.584028 0.076563 0.165278
4 0.829297 0.561806 0.050781 0.137500