6 0.500000 0.742361 1.000000 0.515278
7 0.157812 0.292361 0.315625 0.584722
7 0.843750 0.288889 0.312500 0.577778
5 0.303906 0.414583 0.196875 0.348611
5 0.888672 0.434028 0.216406 0.301389
5 0.119141 0.411806 0.238281 0.484722
5 0.702344 0.452083 0.104688 0.170833
0 0.517578 0.485417 0.007031 0.023611
0 0.426172 0.533333 0.072656 0.072222
0 0.528125 0.484028 0.020313 0.026389
0 0.452344 0.515972 0.034375 0.048611
1 0.582031 0.510417 0.067187 0.134722
4 0.805859 0.555556 0.052344 0.113889
4 0.858594 0.564583 0.051562 0.140278
4 0.767188 0.545139 0.051562 0.115278