6 0.500000 0.742361 1.000000 0.515278
7 0.157812 0.292361 0.315625 0.584722
7 0.843750 0.288889 0.312500 0.577778
5 0.269531 0.411111 0.128125 0.341667
5 0.885938 0.432639 0.221875 0.298611
5 0.114844 0.411806 0.229687 0.484722
5 0.708594 0.452083 0.117188 0.170833
0 0.600000 0.579861 0.090625 0.120833
0 0.214062 0.727778 0.335938 0.300000
0 0.731250 0.661111 0.214062 0.272222
0 0.364453 0.590278 0.113281 0.119444
1 0.546875 0.488889 0.034375 0.077778
4 0.851953 0.569444 0.061719 0.133333
4 0.910547 0.583333 0.058594 0.158333
4 0.806641 0.559028 0.060156 0.131944