6 0.500000 0.742361 1.000000 0.515278
7 0.157812 0.292361 0.315625 0.584722
7 0.843750 0.288889 0.312500 0.577778
5 0.275000 0.409722 0.139063 0.338889
5 0.885938 0.420139 0.221875 0.273611
5 0.114844 0.411806 0.229687 0.484722
5 0.708594 0.452083 0.117188 0.170833
0 0.612109 0.594444 0.105469 0.136111
0 0.259375 0.685417 0.273438 0.245833
0 0.787109 0.713194 0.288281 0.356944
0 0.377734 0.579861 0.099219 0.109722
1 0.548438 0.490278 0.035937 0.080556
4 0.848047 0.570833 0.060156 0.130556
4 0.899219 0.580556 0.073438 0.158333
4 0.810547 0.537500 0.044531 0.086111