6 0.500000 0.742361 1.000000 0.515278
7 0.157812 0.292361 0.315625 0.584722
7 0.843750 0.288889 0.312500 0.577778
5 0.303906 0.414583 0.196875 0.348611
5 0.888672 0.434028 0.216406 0.301389
5 0.119141 0.411806 0.238281 0.484722
5 0.700391 0.451389 0.100781 0.169444
0 0.517969 0.486806 0.006250 0.023611
0 0.432422 0.527083 0.064844 0.065278
0 0.529297 0.484722 0.021094 0.027778
0 0.456641 0.511111 0.032031 0.044444
1 0.590625 0.515972 0.076563 0.148611
4 0.800781 0.551389 0.051562 0.111111
4 0.845313 0.565278 0.064062 0.138889
4 0.763672 0.540278 0.050781 0.113889