6 0.480859 0.742361 0.961719 0.515278
7 0.157812 0.292361 0.315625 0.584722
7 0.843750 0.288889 0.312500 0.577778
5 0.266016 0.414583 0.121094 0.348611
5 0.889453 0.418056 0.214844 0.269444
5 0.119141 0.411806 0.238281 0.484722
5 0.708594 0.452083 0.117188 0.170833
0 0.760156 0.746528 0.326562 0.331944
0 0.357812 0.597917 0.148438 0.140278
0 0.957031 0.888889 0.085938 0.222222
0 0.415625 0.548611 0.062500 0.077778
1 0.556250 0.494444 0.040625 0.091667
4 0.840234 0.565972 0.046094 0.126389
4 0.891016 0.577083 0.055469 0.151389
4 0.795703 0.550694 0.046094 0.123611