6 0.500000 0.742361 1.000000 0.515278
7 0.157812 0.292361 0.315625 0.584722
7 0.843750 0.288889 0.312500 0.577778
5 0.303906 0.414583 0.196875 0.348611
5 0.888672 0.436111 0.216406 0.305556
5 0.119141 0.411806 0.238281 0.484722
5 0.706250 0.450000 0.079687 0.166667
0 0.520312 0.493750 0.004687 0.020833
0 0.444141 0.513194 0.050781 0.051389
0 0.533594 0.489583 0.025000 0.034722
0 0.463672 0.502778 0.025781 0.036111
1 0.632812 0.543750 0.128125 0.220833
4 0.785156 0.545139 0.048438 0.098611
4 0.827734 0.558333 0.060156 0.130556
4 0.751563 0.536111 0.045312 0.108333