6 0.500000 0.742361 1.000000 0.515278
7 0.157812 0.292361 0.315625 0.584722
7 0.843750 0.288889 0.312500 0.577778
5 0.303906 0.414583 0.196875 0.348611
5 0.891406 0.436111 0.210938 0.305556
5 0.119141 0.411806 0.238281 0.484722
5 0.708594 0.390972 0.065625 0.048611
0 0.525391 0.493750 0.008594 0.029167
0 0.450391 0.505556 0.042969 0.044444
0 0.539844 0.494444 0.029687 0.038889
0 0.466797 0.497222 0.022656 0.030556
1 0.721094 0.609722 0.257812 0.388889
4 0.828125 0.542361 0.018750 0.065278