6 0.500000 0.742361 1.000000 0.515278
7 0.157812 0.292361 0.315625 0.584722
7 0.843750 0.288889 0.312500 0.577778
5 0.303906 0.414583 0.196875 0.348611
5 0.891797 0.434028 0.210156 0.301389
5 0.119141 0.411806 0.238281 0.484722
5 0.708594 0.390278 0.065625 0.047222
0 0.525781 0.494444 0.007812 0.027778
0 0.451172 0.504861 0.042969 0.043056
0 0.540625 0.495139 0.029687 0.040278
0 0.467578 0.496528 0.021094 0.031944
1 0.731641 0.618750 0.275781 0.409722
4 0.842578 0.540278 0.005469 0.005556