6 0.500000 0.742361 1.000000 0.515278
7 0.157812 0.292361 0.315625 0.584722
7 0.843750 0.288889 0.312500 0.577778
5 0.291406 0.414583 0.171875 0.348611
5 0.888672 0.437500 0.216406 0.308333
5 0.119141 0.411806 0.238281 0.484722
5 0.704297 0.452083 0.108594 0.170833
0 0.516406 0.484722 0.007812 0.022222
0 0.417187 0.543750 0.082812 0.081944
0 0.526953 0.483333 0.019531 0.027778
0 0.447266 0.520833 0.038281 0.052778
1 0.573828 0.505556 0.058594 0.122222
4 0.817969 0.555556 0.042188 0.116667
4 0.866016 0.565278 0.052344 0.141667
4 0.771484 0.548611 0.052344 0.116667