6 0.500000 0.742361 1.000000 0.515278
7 0.157812 0.292361 0.315625 0.584722
7 0.843750 0.288889 0.312500 0.577778
5 0.303906 0.414583 0.196875 0.348611
5 0.888672 0.436806 0.216406 0.306944
5 0.119141 0.411806 0.238281 0.484722
5 0.707422 0.418750 0.077344 0.104167
0 0.524219 0.492361 0.007812 0.026389
0 0.449219 0.507639 0.045312 0.045833
0 0.538281 0.492361 0.028125 0.037500
0 0.466797 0.498611 0.022656 0.033333
1 0.687109 0.583333 0.205469 0.322222
4 0.773047 0.534028 0.011719 0.062500
4 0.817969 0.558333 0.057813 0.127778