6 0.469531 0.742361 0.939063 0.515278
7 0.157812 0.292361 0.315625 0.584722
7 0.843750 0.288889 0.312500 0.577778
5 0.277734 0.414583 0.144531 0.348611
5 0.889453 0.418750 0.214844 0.270833
5 0.119141 0.411806 0.238281 0.484722
5 0.707422 0.452083 0.114844 0.170833
0 0.877734 0.910417 0.244531 0.179167
0 0.398047 0.561806 0.103906 0.101389
0 0.524219 0.480556 0.017188 0.022222
0 0.436719 0.531250 0.045312 0.062500
1 0.564453 0.500000 0.049219 0.105556
4 0.820703 0.561111 0.053906 0.119444
4 0.869922 0.569444 0.067969 0.147222
4 0.779297 0.547917 0.055469 0.120833