6 0.500000 0.742361 1.000000 0.515278
7 0.157812 0.292361 0.315625 0.584722
7 0.843750 0.288889 0.312500 0.577778
5 0.303906 0.414583 0.196875 0.348611
5 0.888672 0.438889 0.216406 0.311111
5 0.119141 0.411806 0.238281 0.484722
5 0.698828 0.452083 0.097656 0.170833
0 0.518750 0.490972 0.006250 0.020833
0 0.437891 0.521528 0.058594 0.059722
0 0.530859 0.487500 0.022656 0.030556
0 0.459766 0.507639 0.028906 0.040278
1 0.603516 0.524306 0.091406 0.170833
4 0.793750 0.551389 0.048438 0.108333
4 0.844922 0.558333 0.049219 0.136111
4 0.758594 0.544444 0.048438 0.111111