6 0.500000 0.742361 1.000000 0.515278
7 0.157812 0.292361 0.315625 0.584722
7 0.843750 0.288889 0.312500 0.577778
5 0.303906 0.414583 0.196875 0.348611
5 0.889453 0.436111 0.214844 0.305556
5 0.119141 0.411806 0.238281 0.484722
5 0.706250 0.450000 0.079687 0.166667
0 0.521094 0.493750 0.004687 0.020833
0 0.446094 0.511111 0.048438 0.050000
0 0.535156 0.490972 0.026562 0.034722
0 0.464844 0.500694 0.025000 0.034722
1 0.648438 0.553472 0.150000 0.248611
4 0.782031 0.545139 0.048438 0.104167
4 0.823828 0.554167 0.060156 0.130556
4 0.748828 0.537500 0.044531 0.105556