6 0.425391 0.742361 0.850781 0.515278
7 0.157812 0.292361 0.315625 0.584722
7 0.843750 0.288889 0.312500 0.577778
5 0.275000 0.414583 0.139063 0.348611
5 0.889453 0.418056 0.214844 0.269444
5 0.119141 0.411806 0.238281 0.484722
5 0.708594 0.452083 0.117188 0.170833
0 0.850391 0.874306 0.299219 0.251389
0 0.392969 0.565972 0.109375 0.106944
0 0.524219 0.479861 0.017188 0.023611
0 0.433984 0.533333 0.047656 0.063889
1 0.562891 0.498611 0.047656 0.102778
4 0.823047 0.559722 0.053906 0.122222
4 0.879297 0.568056 0.053906 0.147222
4 0.780469 0.550694 0.056250 0.120833