6 0.500000 0.742361 1.000000 0.515278
7 0.157812 0.292361 0.315625 0.584722
7 0.843750 0.288889 0.312500 0.577778
5 0.284375 0.414583 0.157812 0.348611
5 0.888672 0.417361 0.216406 0.268056
5 0.119141 0.411806 0.238281 0.484722
5 0.705859 0.452083 0.111719 0.170833
0 0.516016 0.484028 0.007031 0.020833
0 0.408984 0.552083 0.091406 0.090278
0 0.526563 0.482639 0.018750 0.026389
0 0.442578 0.525694 0.041406 0.056944
1 0.568750 0.502083 0.053125 0.112500
4 0.817187 0.559028 0.054688 0.118056
4 0.864453 0.572222 0.066406 0.144444
4 0.775391 0.545139 0.055469 0.118056