6 0.500000 0.742361 1.000000 0.515278
7 0.157812 0.292361 0.315625 0.584722
7 0.843750 0.288889 0.312500 0.577778
5 0.289844 0.414583 0.168750 0.348611
5 0.888672 0.421528 0.216406 0.276389
5 0.119141 0.411806 0.238281 0.484722
5 0.704688 0.452083 0.109375 0.170833
0 0.516406 0.484722 0.007812 0.022222
0 0.415625 0.544444 0.084375 0.083333
0 0.526953 0.482639 0.019531 0.026389
0 0.446094 0.521528 0.039062 0.054167
1 0.573047 0.504167 0.057031 0.119444
4 0.813672 0.555556 0.053906 0.116667
4 0.860156 0.567361 0.065625 0.143056
4 0.772266 0.547917 0.053906 0.118056