6 0.500000 0.742361 1.000000 0.515278
7 0.157812 0.292361 0.315625 0.584722
7 0.843750 0.288889 0.312500 0.577778
5 0.303906 0.414583 0.196875 0.348611
5 0.889453 0.436806 0.214844 0.306944
5 0.119141 0.411806 0.238281 0.484722
5 0.709375 0.393056 0.067187 0.052778
0 0.525000 0.493056 0.007812 0.027778
0 0.450000 0.506944 0.043750 0.044444
0 0.538672 0.493056 0.028906 0.038889
0 0.466797 0.497917 0.022656 0.031944
1 0.702734 0.595833 0.228906 0.352778
4 0.794922 0.536111 0.003906 0.011111
4 0.826562 0.558333 0.037500 0.127778