6 0.500000 0.742361 1.000000 0.515278
7 0.157812 0.292361 0.315625 0.584722
7 0.843750 0.288889 0.312500 0.577778
5 0.303906 0.414583 0.196875 0.348611
5 0.888672 0.434722 0.216406 0.302778
5 0.119141 0.411806 0.238281 0.484722
5 0.700000 0.450694 0.100000 0.168056
0 0.518359 0.487500 0.007031 0.025000
0 0.433984 0.525694 0.063281 0.062500
0 0.529687 0.486111 0.021875 0.030556
0 0.457422 0.510417 0.030469 0.043056
1 0.594141 0.518056 0.080469 0.155556
4 0.798828 0.552778 0.050781 0.111111
4 0.850000 0.562500 0.050000 0.136111
4 0.762109 0.540972 0.050781 0.112500