6 0.500000 0.742361 1.000000 0.515278
7 0.157812 0.292361 0.315625 0.584722
7 0.843750 0.288889 0.312500 0.577778
5 0.288672 0.414583 0.166406 0.348611
5 0.888672 0.418750 0.216406 0.270833
5 0.119141 0.411806 0.238281 0.484722
5 0.705078 0.452083 0.110156 0.170833
0 0.516406 0.484722 0.007812 0.022222
0 0.414062 0.546528 0.085938 0.084722
0 0.526953 0.481944 0.019531 0.025000
0 0.445312 0.522917 0.039062 0.054167
1 0.571875 0.504167 0.056250 0.116667
4 0.814453 0.555556 0.053906 0.116667
4 0.861328 0.568750 0.066406 0.143056
4 0.773438 0.546528 0.054688 0.118056