6 0.366406 0.742361 0.732812 0.515278
7 0.157812 0.292361 0.315625 0.584722
7 0.843750 0.288889 0.312500 0.577778
5 0.271484 0.414583 0.132031 0.348611
5 0.889453 0.418750 0.214844 0.270833
5 0.119141 0.411806 0.238281 0.484722
5 0.708594 0.452083 0.117188 0.170833
0 0.807031 0.803472 0.385937 0.393056
0 0.370703 0.586111 0.133594 0.127778
0 0.523828 0.478472 0.016406 0.020833
0 0.421094 0.543056 0.059375 0.072222
1 0.558203 0.495833 0.042969 0.094444
4 0.830859 0.563889 0.057031 0.122222
4 0.880078 0.575000 0.069531 0.150000
4 0.786719 0.551389 0.057813 0.119444