6 0.371484 0.742361 0.742969 0.515278
7 0.157812 0.292361 0.315625 0.584722
7 0.843750 0.288889 0.312500 0.577778
5 0.273438 0.414583 0.135937 0.348611
5 0.889453 0.418750 0.214844 0.270833
5 0.119141 0.411806 0.238281 0.484722
5 0.708594 0.452083 0.117188 0.170833
0 0.810937 0.809722 0.378125 0.380556
0 0.374219 0.583333 0.129688 0.125000
0 0.523828 0.479167 0.016406 0.022222
0 0.423047 0.541667 0.057031 0.072222
1 0.558594 0.496528 0.043750 0.095833
4 0.835156 0.563194 0.043750 0.123611
4 0.879297 0.572917 0.069531 0.148611
4 0.785937 0.554167 0.057813 0.125000