6 0.607422 0.742361 0.785156 0.515278
7 0.157812 0.292361 0.315625 0.584722
7 0.843750 0.288889 0.312500 0.577778
5 0.303906 0.414583 0.196875 0.348611
5 0.885938 0.423611 0.221875 0.280556
5 0.119141 0.411806 0.238281 0.484722
5 0.715234 0.452083 0.103906 0.170833
0 0.575391 0.552083 0.061719 0.090278
0 0.157812 0.829861 0.315625 0.340278
0 0.648828 0.583333 0.117969 0.155556
0 0.308594 0.638889 0.176563 0.169444
1 0.543359 0.486806 0.032031 0.070833
4 0.863281 0.576389 0.062500 0.138889
4 0.913672 0.579167 0.075781 0.163889
4 0.817969 0.559028 0.060937 0.137500