6 0.500000 0.742361 1.000000 0.515278
7 0.157812 0.292361 0.315625 0.584722
7 0.843750 0.288889 0.312500 0.577778
5 0.303906 0.414583 0.196875 0.348611
5 0.888672 0.435417 0.216406 0.304167
5 0.119141 0.411806 0.238281 0.484722
5 0.704688 0.450000 0.082812 0.166667
0 0.519922 0.493056 0.005469 0.022222
0 0.442578 0.515278 0.052344 0.052778
0 0.532813 0.488889 0.025000 0.033333
0 0.463281 0.503472 0.026562 0.037500
1 0.623437 0.537500 0.115625 0.205556
4 0.787891 0.549306 0.049219 0.106944
4 0.830469 0.561806 0.060937 0.131944
4 0.753516 0.537500 0.046094 0.108333