6 0.372266 0.742361 0.744531 0.515278
7 0.157812 0.292361 0.315625 0.584722
7 0.843750 0.288889 0.312500 0.577778
5 0.273828 0.414583 0.136719 0.348611
5 0.889453 0.418056 0.214844 0.269444
5 0.119141 0.411806 0.238281 0.484722
5 0.708594 0.452083 0.117188 0.170833
0 0.815234 0.816667 0.369531 0.366667
0 0.377734 0.579861 0.125781 0.120833
0 0.523828 0.479167 0.016406 0.022222
0 0.425000 0.539583 0.054688 0.070833
1 0.559375 0.495833 0.043750 0.097222
4 0.827734 0.562500 0.055469 0.122222
4 0.885156 0.571528 0.054688 0.148611
4 0.784375 0.554861 0.056250 0.123611