6 0.444922 0.742361 0.889844 0.515278
7 0.157812 0.292361 0.315625 0.584722
7 0.843750 0.288889 0.312500 0.577778
5 0.276172 0.414583 0.141406 0.348611
5 0.889453 0.418056 0.214844 0.269444
5 0.119141 0.411806 0.238281 0.484722
5 0.708203 0.452083 0.116406 0.170833
0 0.862500 0.890278 0.275000 0.219444
0 0.395703 0.563889 0.105469 0.102778
0 0.524219 0.480556 0.017188 0.022222
0 0.435547 0.531944 0.046094 0.063889
1 0.564063 0.499306 0.048438 0.104167
4 0.822266 0.560417 0.053906 0.120833
4 0.871484 0.568056 0.067969 0.147222
4 0.779687 0.549306 0.056250 0.120833