6 0.500000 0.742361 1.000000 0.515278
7 0.157812 0.292361 0.315625 0.584722
7 0.843750 0.288889 0.312500 0.577778
5 0.303906 0.414583 0.196875 0.348611
5 0.889062 0.436806 0.215625 0.306944
5 0.119141 0.411806 0.238281 0.484722
5 0.707422 0.419444 0.077344 0.105556
0 0.522656 0.495139 0.004687 0.020833
0 0.448437 0.507639 0.045312 0.045833
0 0.537500 0.492361 0.028125 0.037500
0 0.466406 0.498611 0.023438 0.033333
1 0.680469 0.578472 0.195312 0.309722
4 0.785547 0.543750 0.030469 0.098611
4 0.818359 0.558333 0.058594 0.127778
4 0.760547 0.522222 0.010156 0.036111