6 0.500000 0.742361 1.000000 0.515278
7 0.157812 0.292361 0.315625 0.584722
7 0.843750 0.288889 0.312500 0.577778
5 0.281641 0.414583 0.152344 0.348611
5 0.889453 0.418750 0.214844 0.270833
5 0.119141 0.411806 0.238281 0.484722
5 0.706641 0.452083 0.113281 0.170833
0 0.516016 0.483333 0.008594 0.022222
0 0.405078 0.555556 0.096094 0.094444
0 0.526172 0.481944 0.017969 0.025000
0 0.440234 0.527778 0.042969 0.058333
1 0.567187 0.500694 0.051562 0.109722
4 0.818750 0.561111 0.054688 0.119444
4 0.866797 0.571528 0.067969 0.145833
4 0.782813 0.545139 0.043750 0.120833