6 0.500000 0.742361 1.000000 0.515278
7 0.157812 0.292361 0.315625 0.584722
7 0.843750 0.288889 0.312500 0.577778
5 0.303906 0.414583 0.196875 0.348611
5 0.889453 0.435417 0.214844 0.304167
5 0.119141 0.411806 0.238281 0.484722
5 0.704688 0.450000 0.082812 0.166667
0 0.519922 0.491667 0.003906 0.019444
0 0.443359 0.515278 0.052344 0.052778
0 0.532813 0.488194 0.025000 0.031944
0 0.463281 0.503472 0.026562 0.037500
1 0.626563 0.538889 0.120313 0.211111
4 0.787109 0.545139 0.049219 0.098611
4 0.835938 0.561806 0.048438 0.131944
4 0.752734 0.537500 0.046094 0.108333