6 0.500000 0.742361 1.000000 0.515278
7 0.157812 0.292361 0.315625 0.584722
7 0.843750 0.288889 0.312500 0.577778
5 0.285938 0.414583 0.160938 0.348611
5 0.888672 0.420139 0.216406 0.273611
5 0.119141 0.411806 0.238281 0.484722
5 0.705469 0.452083 0.110937 0.170833
0 0.516016 0.484028 0.007031 0.020833
0 0.410547 0.550000 0.089844 0.088889
0 0.526563 0.482639 0.018750 0.026389
0 0.443750 0.525000 0.040625 0.055556
1 0.569922 0.502778 0.053906 0.113889
4 0.816016 0.557639 0.053906 0.118056
4 0.863672 0.570833 0.066406 0.144444
4 0.775000 0.545833 0.054688 0.119444