6 0.398438 0.742361 0.796875 0.515278
7 0.157812 0.292361 0.315625 0.584722
7 0.843750 0.288889 0.312500 0.577778
5 0.265234 0.414583 0.119531 0.348611
5 0.888672 0.419444 0.216406 0.272222
5 0.116797 0.411806 0.233594 0.484722
5 0.708594 0.452083 0.117188 0.170833
0 0.644922 0.628472 0.152344 0.176389
0 0.309766 0.640972 0.207031 0.190278
0 0.845313 0.781944 0.309375 0.436111
0 0.396875 0.565278 0.078125 0.094444
1 0.551172 0.491667 0.036719 0.083333
4 0.841797 0.536111 0.058594 0.066667
4 0.892969 0.541667 0.071875 0.091667
4 0.803906 0.529861 0.046875 0.079167