6 0.401172 0.742361 0.802344 0.515278
7 0.157812 0.292361 0.315625 0.584722
7 0.843750 0.288889 0.312500 0.577778
5 0.265234 0.414583 0.119531 0.348611
5 0.888672 0.418056 0.216406 0.269444
5 0.119141 0.411806 0.238281 0.484722
5 0.708594 0.452083 0.117188 0.170833
0 0.662891 0.647222 0.177344 0.200000
0 0.324609 0.627778 0.188281 0.175000
0 0.859766 0.790972 0.280469 0.418056
0 0.403125 0.560417 0.071875 0.090278
1 0.552344 0.491667 0.037500 0.086111
4 0.839844 0.545139 0.057813 0.087500
4 0.890625 0.541667 0.071875 0.091667
4 0.795703 0.538194 0.058594 0.098611