6 0.404687 0.742361 0.809375 0.515278
7 0.157812 0.292361 0.315625 0.584722
7 0.843750 0.288889 0.312500 0.577778
5 0.265234 0.414583 0.119531 0.348611
5 0.889453 0.420833 0.214844 0.275000
5 0.119141 0.411806 0.238281 0.484722
5 0.708594 0.452083 0.117188 0.170833
0 0.705078 0.686111 0.242969 0.250000
0 0.342969 0.611111 0.165625 0.155556
0 0.893359 0.812500 0.213281 0.375000
0 0.409766 0.554167 0.066406 0.083333
1 0.554297 0.493056 0.039844 0.088889
4 0.837109 0.564583 0.058594 0.126389
4 0.894531 0.563889 0.056250 0.130556
4 0.792578 0.550000 0.058594 0.127778