6 0.500000 0.742361 1.000000 0.515278
7 0.157812 0.292361 0.315625 0.584722
7 0.843750 0.288889 0.312500 0.577778
5 0.303906 0.414583 0.196875 0.348611
5 0.888672 0.434028 0.216406 0.301389
5 0.119141 0.411806 0.238281 0.484722
5 0.701172 0.451389 0.102344 0.169444
0 0.517578 0.486806 0.007031 0.023611
0 0.430469 0.529861 0.067187 0.068056
0 0.528516 0.485417 0.021094 0.029167
0 0.455469 0.513194 0.032813 0.045833
1 0.587891 0.513889 0.072656 0.144444
4 0.802344 0.552083 0.051562 0.112500
4 0.854297 0.566667 0.050781 0.138889
4 0.764453 0.540972 0.050781 0.112500