6 0.414844 0.742361 0.829688 0.515278
7 0.157812 0.292361 0.315625 0.584722
7 0.843750 0.288889 0.312500 0.577778
5 0.265234 0.414583 0.119531 0.348611
5 0.889453 0.415278 0.214844 0.263889
5 0.119141 0.411806 0.238281 0.484722
5 0.708594 0.452083 0.117188 0.170833
0 0.722266 0.703472 0.269531 0.273611
0 0.348438 0.606250 0.159375 0.151389
0 0.909766 0.823611 0.180469 0.352778
0 0.412109 0.552083 0.064844 0.081944
1 0.555078 0.493750 0.039844 0.090278
4 0.836328 0.564583 0.058594 0.126389
4 0.885938 0.576389 0.070312 0.152778
4 0.791797 0.550694 0.058594 0.126389