6 0.613281 0.742361 0.773438 0.515278
7 0.157812 0.292361 0.315625 0.584722
7 0.843750 0.288889 0.312500 0.577778
5 0.265234 0.414583 0.119531 0.348611
5 0.885938 0.420139 0.221875 0.273611
5 0.114844 0.411806 0.229687 0.484722
5 0.708594 0.452083 0.117188 0.170833
0 0.587109 0.565972 0.075781 0.104167
0 0.179688 0.802083 0.359375 0.395833
0 0.685156 0.615972 0.157812 0.204167
0 0.342969 0.608333 0.137500 0.138889
1 0.545312 0.487500 0.032813 0.075000
4 0.856250 0.572222 0.060937 0.136111
4 0.915234 0.580556 0.058594 0.161111
4 0.811719 0.556250 0.060937 0.134722