6 0.500000 0.742361 1.000000 0.515278
7 0.157812 0.292361 0.315625 0.584722
7 0.843750 0.288889 0.312500 0.577778
5 0.275781 0.411111 0.140625 0.341667
5 0.885938 0.419444 0.221875 0.272222
5 0.114844 0.411806 0.229687 0.484722
5 0.708594 0.452083 0.117188 0.170833
0 0.616797 0.600000 0.111719 0.141667
0 0.271094 0.675694 0.257812 0.231944
0 0.813281 0.739583 0.325000 0.398611
0 0.381641 0.576389 0.094531 0.105556
1 0.549219 0.490278 0.035937 0.080556
4 0.852734 0.562500 0.046094 0.113889
4 0.905469 0.578472 0.057813 0.156944
4 0.809766 0.530556 0.044531 0.072222