6 0.500000 0.742361 1.000000 0.515278
7 0.157812 0.292361 0.315625 0.584722
7 0.843750 0.288889 0.312500 0.577778
5 0.303906 0.414583 0.196875 0.348611
5 0.888672 0.434722 0.216406 0.302778
5 0.119141 0.411806 0.238281 0.484722
5 0.699219 0.452083 0.098437 0.170833
0 0.518750 0.488194 0.006250 0.023611
0 0.435547 0.523611 0.061719 0.061111
0 0.529687 0.486806 0.021875 0.031944
0 0.458594 0.509028 0.029687 0.043056
1 0.597656 0.520833 0.084375 0.161111
4 0.796484 0.553472 0.049219 0.109722
4 0.841406 0.559722 0.062500 0.136111
4 0.760547 0.542361 0.049219 0.112500