6 0.500000 0.742361 1.000000 0.515278
7 0.157812 0.292361 0.315625 0.584722
7 0.843750 0.288889 0.312500 0.577778
5 0.303906 0.414583 0.196875 0.348611
5 0.888672 0.434722 0.216406 0.302778
5 0.119141 0.411806 0.238281 0.484722
5 0.700000 0.450694 0.100000 0.168056
0 0.518359 0.486806 0.007031 0.023611
0 0.433203 0.526389 0.064844 0.063889
0 0.529297 0.485417 0.021094 0.029167
0 0.457031 0.511111 0.031250 0.044444
1 0.592578 0.517361 0.078906 0.151389
4 0.800000 0.551389 0.051562 0.111111
4 0.844531 0.564583 0.064062 0.137500
4 0.762891 0.540972 0.050781 0.112500