6 0.500000 0.742361 1.000000 0.515278
7 0.157812 0.292361 0.315625 0.584722
7 0.843750 0.288889 0.312500 0.577778
5 0.303906 0.414583 0.196875 0.348611
5 0.889453 0.436806 0.214844 0.306944
5 0.119141 0.411806 0.238281 0.484722
5 0.706250 0.427083 0.079687 0.120833
0 0.522656 0.495833 0.004687 0.022222
0 0.448047 0.508333 0.046094 0.047222
0 0.537109 0.492361 0.027344 0.037500
0 0.466016 0.498611 0.024219 0.033333
1 0.674219 0.573611 0.185938 0.297222
4 0.783594 0.543750 0.035937 0.098611
4 0.819531 0.556944 0.059375 0.127778
4 0.751172 0.527083 0.011719 0.059722