6 0.500000 0.742361 1.000000 0.515278
7 0.157812 0.292361 0.315625 0.584722
7 0.843750 0.288889 0.312500 0.577778
5 0.278906 0.414583 0.146875 0.348611
5 0.889453 0.418750 0.214844 0.270833
5 0.119141 0.411806 0.238281 0.484722
5 0.707031 0.452083 0.114062 0.170833
0 0.901563 0.936111 0.196875 0.127778
0 0.400391 0.559028 0.100781 0.098611
0 0.524609 0.480556 0.016406 0.022222
0 0.437891 0.529861 0.044531 0.059722
1 0.565625 0.500694 0.050000 0.106944
4 0.819922 0.561111 0.053906 0.119444
4 0.876172 0.570139 0.053906 0.145833
4 0.778516 0.546528 0.055469 0.120833