6 0.500000 0.742361 1.000000 0.515278
7 0.157812 0.292361 0.315625 0.584722
7 0.843750 0.288889 0.312500 0.577778
5 0.275781 0.413194 0.140625 0.345833
5 0.888672 0.418750 0.216406 0.270833
5 0.116016 0.411806 0.232031 0.484722
5 0.708594 0.452083 0.117188 0.170833
0 0.622266 0.606250 0.119531 0.148611
0 0.282031 0.665278 0.242188 0.219444
0 0.829688 0.770139 0.340625 0.451389
0 0.385547 0.573611 0.089844 0.102778
1 0.549609 0.490972 0.036719 0.081944
4 0.851953 0.546528 0.044531 0.081944
4 0.896484 0.576389 0.072656 0.155556
4 0.808594 0.528472 0.045312 0.068056