6 0.604297 0.742361 0.791406 0.515278
7 0.157812 0.292361 0.315625 0.584722
7 0.843750 0.288889 0.312500 0.577778
5 0.265234 0.414583 0.119531 0.348611
5 0.885938 0.422917 0.221875 0.279167
5 0.119141 0.411806 0.238281 0.484722
5 0.715234 0.452083 0.103906 0.170833
0 0.580078 0.556944 0.066406 0.094444
0 0.167969 0.816667 0.335938 0.366667
0 0.661328 0.594444 0.130469 0.172222
0 0.323437 0.625000 0.159375 0.155556
1 0.544141 0.487500 0.032031 0.072222
4 0.860938 0.575694 0.062500 0.137500
4 0.911328 0.578472 0.075781 0.162500
4 0.815234 0.556944 0.061719 0.136111