6 0.395703 0.742361 0.791406 0.515278
7 0.157812 0.292361 0.315625 0.584722
7 0.843750 0.288889 0.312500 0.577778
5 0.273438 0.414583 0.135937 0.348611
5 0.889453 0.418056 0.214844 0.269444
5 0.119141 0.411806 0.238281 0.484722
5 0.708594 0.452083 0.117188 0.170833
0 0.832422 0.846528 0.335156 0.306944
0 0.387109 0.570833 0.114844 0.111111
0 0.523828 0.479167 0.016406 0.022222
0 0.429688 0.536111 0.051562 0.066667
1 0.561328 0.497917 0.046094 0.101389
4 0.830859 0.559722 0.042969 0.122222
4 0.882031 0.567361 0.054688 0.148611
4 0.781250 0.552778 0.054688 0.122222