6 0.500000 0.742361 1.000000 0.515278
7 0.157812 0.292361 0.315625 0.584722
7 0.843750 0.288889 0.312500 0.577778
5 0.303906 0.414583 0.196875 0.348611
5 0.888672 0.435417 0.216406 0.304167
5 0.119141 0.411806 0.238281 0.484722
5 0.700391 0.452083 0.091406 0.170833
0 0.518750 0.491667 0.004687 0.019444
0 0.439844 0.518750 0.056250 0.056944
0 0.531250 0.487500 0.023438 0.030556
0 0.461328 0.506250 0.027344 0.040278
1 0.610547 0.528472 0.099219 0.181944
4 0.792188 0.548611 0.050000 0.108333
4 0.835547 0.560417 0.061719 0.134722
4 0.756641 0.543750 0.047656 0.109722