6 0.610547 0.742361 0.778906 0.515278
7 0.157812 0.292361 0.315625 0.584722
7 0.843750 0.288889 0.312500 0.577778
5 0.265234 0.414583 0.119531 0.348611
5 0.885938 0.421528 0.221875 0.276389
5 0.118750 0.411806 0.237500 0.484722
5 0.715234 0.452083 0.103906 0.170833
0 0.584766 0.563194 0.072656 0.101389
0 0.176172 0.806250 0.352344 0.387500
0 0.676172 0.608333 0.147656 0.191667
0 0.336719 0.613194 0.143750 0.143056
1 0.544531 0.487500 0.032813 0.075000
4 0.857422 0.573611 0.060156 0.136111
4 0.908984 0.579861 0.074219 0.162500
4 0.819531 0.556250 0.048438 0.134722