6 0.500000 0.742361 1.000000 0.515278
7 0.157812 0.292361 0.315625 0.584722
7 0.843750 0.288889 0.312500 0.577778
5 0.294922 0.414583 0.178906 0.348611
5 0.888672 0.418750 0.216406 0.270833
5 0.119141 0.411806 0.238281 0.484722
5 0.703906 0.452083 0.107813 0.170833
0 0.516797 0.484722 0.007031 0.022222
0 0.421484 0.538889 0.077344 0.077778
0 0.527734 0.483333 0.019531 0.025000
0 0.449609 0.518750 0.036719 0.051389
1 0.576953 0.507639 0.061719 0.126389
4 0.808984 0.556250 0.052344 0.115278
4 0.856250 0.562500 0.065625 0.141667
4 0.769531 0.548611 0.053125 0.116667