6 0.500000 0.742361 1.000000 0.515278
7 0.157812 0.292361 0.315625 0.584722
7 0.843750 0.288889 0.312500 0.577778
5 0.303906 0.414583 0.196875 0.348611
5 0.888672 0.435417 0.216406 0.304167
5 0.119141 0.411806 0.238281 0.484722
5 0.704297 0.451389 0.083594 0.169444
0 0.519531 0.492361 0.004687 0.020833
0 0.441016 0.517361 0.055469 0.054167
0 0.532031 0.488194 0.023438 0.031944
0 0.461719 0.505556 0.028125 0.038889
1 0.615234 0.531944 0.105469 0.191667
4 0.790234 0.547917 0.049219 0.106944
4 0.833203 0.562500 0.061719 0.133333
4 0.755469 0.541667 0.046875 0.108333