6 0.500000 0.742361 1.000000 0.515278
7 0.157812 0.292361 0.315625 0.584722
7 0.843750 0.288889 0.312500 0.577778
5 0.292578 0.414583 0.174219 0.348611
5 0.888672 0.420139 0.216406 0.273611
5 0.119141 0.411806 0.238281 0.484722
5 0.704297 0.452083 0.108594 0.170833
0 0.516797 0.484722 0.007031 0.022222
0 0.418750 0.541667 0.081250 0.080556
0 0.526953 0.483333 0.019531 0.027778
0 0.448047 0.520139 0.038281 0.051389
1 0.575000 0.506250 0.059375 0.123611
4 0.810547 0.555556 0.052344 0.116667
4 0.858203 0.563889 0.066406 0.141667
4 0.770703 0.548611 0.052344 0.116667