6 0.500000 0.742361 1.000000 0.515278
7 0.157812 0.292361 0.315625 0.584722
7 0.843750 0.288889 0.312500 0.577778
5 0.303906 0.414583 0.196875 0.348611
5 0.888672 0.435417 0.216406 0.304167
5 0.119141 0.411806 0.238281 0.484722
5 0.698047 0.452083 0.096094 0.170833
0 0.519531 0.488194 0.006250 0.023611
0 0.439063 0.519444 0.057813 0.058333
0 0.531250 0.487500 0.023438 0.030556
0 0.460547 0.506250 0.028906 0.040278
1 0.607812 0.527083 0.096875 0.179167
4 0.792969 0.548611 0.050000 0.108333
4 0.836328 0.559028 0.061719 0.134722
4 0.757422 0.543750 0.047656 0.109722