6 0.500000 0.742361 1.000000 0.515278
7 0.157812 0.292361 0.315625 0.584722
7 0.843750 0.288889 0.312500 0.577778
5 0.303906 0.414583 0.196875 0.348611
5 0.889453 0.436806 0.214844 0.306944
5 0.119141 0.411806 0.238281 0.484722
5 0.706250 0.433333 0.079687 0.133333
0 0.521875 0.494444 0.004687 0.019444
0 0.447656 0.509722 0.046875 0.047222
0 0.536328 0.491667 0.027344 0.036111
0 0.465625 0.500000 0.023438 0.033333
1 0.662891 0.564583 0.169531 0.276389
4 0.779297 0.544444 0.047656 0.102778
4 0.821094 0.554861 0.059375 0.129167
4 0.754297 0.540278 0.028906 0.105556