6 0.500000 0.742361 1.000000 0.515278
7 0.157812 0.292361 0.315625 0.584722
7 0.843750 0.288889 0.312500 0.577778
5 0.271094 0.409722 0.131250 0.338889
5 0.885938 0.421528 0.221875 0.276389
5 0.114844 0.411806 0.229687 0.484722
5 0.708594 0.452083 0.117188 0.170833
0 0.603516 0.584722 0.094531 0.125000
0 0.230859 0.711806 0.313281 0.279167
0 0.746875 0.675000 0.234375 0.294444
0 0.369141 0.586806 0.108594 0.115278
1 0.547656 0.489583 0.034375 0.079167
4 0.851172 0.569444 0.061719 0.133333
4 0.901563 0.583333 0.073438 0.158333
4 0.805078 0.556944 0.060156 0.125000