6 0.500000 0.742361 1.000000 0.515278
7 0.157812 0.292361 0.315625 0.584722
7 0.843750 0.288889 0.312500 0.577778
5 0.303906 0.414583 0.196875 0.348611
5 0.889453 0.436111 0.214844 0.305556
5 0.119141 0.411806 0.238281 0.484722
5 0.706250 0.436111 0.079687 0.138889
0 0.522656 0.492361 0.006250 0.023611
0 0.446875 0.509722 0.046875 0.047222
0 0.535937 0.491667 0.026562 0.036111
0 0.465234 0.500694 0.024219 0.034722
1 0.657813 0.560417 0.162500 0.265278
4 0.780078 0.544444 0.047656 0.102778
4 0.828516 0.554861 0.047656 0.129167
4 0.753125 0.538889 0.032813 0.105556