6 0.409375 0.742361 0.818750 0.515278
7 0.157812 0.292361 0.315625 0.584722
7 0.843750 0.288889 0.312500 0.577778
5 0.274219 0.414583 0.137500 0.348611
5 0.889453 0.418056 0.214844 0.269444
5 0.119141 0.411806 0.238281 0.484722
5 0.708594 0.452083 0.117188 0.170833
0 0.840625 0.861111 0.318750 0.277778
0 0.390234 0.568750 0.111719 0.109722
0 0.524219 0.479167 0.017188 0.022222
0 0.431250 0.534028 0.050000 0.065278
1 0.562500 0.497917 0.046875 0.101389
4 0.823828 0.559722 0.053906 0.122222
4 0.873437 0.567361 0.068750 0.148611
4 0.780859 0.552083 0.055469 0.120833