6 0.400000 0.742361 0.800000 0.515278
7 0.157812 0.292361 0.315625 0.584722
7 0.843750 0.288889 0.312500 0.577778
5 0.265234 0.414583 0.119531 0.348611
5 0.888672 0.418056 0.216406 0.269444
5 0.117188 0.411806 0.234375 0.484722
5 0.708594 0.452083 0.117188 0.170833
0 0.652344 0.636806 0.162500 0.187500
0 0.317188 0.634028 0.196875 0.181944
0 0.851953 0.786111 0.296094 0.427778
0 0.400000 0.562500 0.075000 0.091667
1 0.551562 0.492361 0.037500 0.084722
4 0.840625 0.541667 0.057813 0.080556
4 0.899219 0.541667 0.056250 0.091667
4 0.796875 0.534028 0.059375 0.087500