6 0.500000 0.742361 1.000000 0.515278
7 0.157812 0.292361 0.315625 0.584722
7 0.843750 0.288889 0.312500 0.577778
5 0.265234 0.414583 0.119531 0.348611
5 0.880078 0.439583 0.233594 0.312500
5 0.119141 0.411806 0.238281 0.484722
5 0.702344 0.445139 0.087500 0.156944
0 0.568750 0.546528 0.051562 0.084722
0 0.472656 0.487500 0.025000 0.025000
0 0.636719 0.573611 0.117188 0.141667
0 0.338672 0.621528 0.172656 0.151389
1 0.530078 0.479167 0.022656 0.050000
4 0.722656 0.528472 0.039062 0.084722
4 0.767188 0.541667 0.050000 0.108333
4 0.698438 0.525694 0.031250 0.087500