6 0.405078 0.742361 0.810156 0.515278
7 0.157812 0.292361 0.315625 0.584722
7 0.843750 0.213194 0.312500 0.426389
5 0.303906 0.414583 0.196875 0.348611
5 0.826172 0.436111 0.253906 0.305556
5 0.119141 0.411806 0.238281 0.484722
5 0.694922 0.447222 0.089844 0.161111
0 0.535937 0.506250 0.015625 0.043056
0 0.461328 0.495833 0.033594 0.033333
0 0.559375 0.508333 0.043750 0.055556
0 0.471094 0.489583 0.017188 0.023611
1 0.866797 0.659722 0.266406 0.680556
4 0.732422 0.531944 0.005469 0.005556
4 0.718359 0.531250 0.033594 0.095833