6 0.400391 0.742361 0.800781 0.515278
7 0.157812 0.292361 0.315625 0.584722
7 0.843750 0.288889 0.312500 0.577778
5 0.265234 0.414583 0.119531 0.348611
5 0.888281 0.433333 0.217188 0.300000
5 0.119141 0.411806 0.238281 0.484722
5 0.698047 0.450694 0.096094 0.168056
0 0.626563 0.613889 0.123438 0.158333
0 0.344922 0.617361 0.153906 0.162500
0 0.828516 0.777083 0.342969 0.445833
0 0.409766 0.554861 0.075781 0.084722
1 0.534375 0.481250 0.025000 0.056944
4 0.711328 0.523611 0.036719 0.072222
4 0.757422 0.521528 0.047656 0.076389
4 0.692187 0.522917 0.029687 0.081944