6 0.500000 0.742361 1.000000 0.515278
7 0.157812 0.292361 0.315625 0.584722
7 0.843750 0.288889 0.312500 0.577778
5 0.269922 0.414583 0.128906 0.348611
5 0.882422 0.439583 0.228906 0.312500
5 0.119141 0.411806 0.238281 0.484722
5 0.698438 0.445139 0.095312 0.156944
0 0.566016 0.543056 0.047656 0.080556
0 0.471875 0.488194 0.025000 0.026389
0 0.628516 0.565972 0.108594 0.131944
0 0.326562 0.634722 0.189062 0.166667
1 0.529687 0.479167 0.021875 0.050000
4 0.724219 0.529861 0.039062 0.084722
4 0.767969 0.543750 0.050000 0.109722
4 0.698828 0.525000 0.032031 0.088889