6 0.500000 0.742361 1.000000 0.515278
7 0.157812 0.292361 0.315625 0.584722
7 0.843750 0.288889 0.312500 0.577778
5 0.274219 0.413194 0.137500 0.345833
5 0.882422 0.439583 0.228906 0.312500
5 0.115625 0.411806 0.231250 0.484722
5 0.698047 0.444444 0.096094 0.155556
0 0.590234 0.572222 0.077344 0.111111
0 0.274219 0.686111 0.242188 0.244444
0 0.706250 0.640972 0.201563 0.240278
0 0.383203 0.577083 0.111719 0.106944
1 0.532031 0.479861 0.023438 0.054167
4 0.721094 0.511806 0.029687 0.048611
4 0.761719 0.539583 0.048438 0.104167
4 0.694922 0.501389 0.030469 0.044444