6 0.500000 0.742361 1.000000 0.515278
7 0.157812 0.292361 0.315625 0.584722
7 0.843750 0.288889 0.312500 0.577778
5 0.271875 0.411806 0.132812 0.343056
5 0.861719 0.439583 0.270313 0.312500
5 0.114844 0.411806 0.229687 0.484722
5 0.704688 0.443750 0.082812 0.154167
0 0.582422 0.563194 0.067969 0.101389
0 0.233203 0.727083 0.297656 0.298611
0 0.678516 0.613194 0.166406 0.198611
0 0.371875 0.588194 0.128125 0.118056
1 0.531250 0.479861 0.023438 0.054167
4 0.718359 0.529861 0.038281 0.081944
4 0.763281 0.538194 0.050000 0.106944
4 0.700391 0.503472 0.021094 0.045833