6 0.500000 0.742361 1.000000 0.515278
7 0.157812 0.292361 0.315625 0.584722
7 0.843750 0.288889 0.312500 0.577778
5 0.276953 0.414583 0.142969 0.348611
5 0.878516 0.439583 0.236719 0.312500
5 0.119141 0.411806 0.238281 0.484722
5 0.704688 0.450000 0.082812 0.166667
0 0.767578 0.754167 0.341406 0.344444
0 0.387109 0.575694 0.107031 0.115278
0 0.521094 0.481944 0.009375 0.025000
0 0.426953 0.533333 0.057031 0.061111
1 0.537109 0.483333 0.027344 0.061111
4 0.706641 0.525694 0.038281 0.079167
4 0.752344 0.537500 0.046875 0.100000
4 0.689063 0.518750 0.029687 0.081944