6 0.500000 0.742361 1.000000 0.515278
7 0.157812 0.292361 0.315625 0.584722
7 0.843750 0.288889 0.312500 0.577778
5 0.266016 0.414583 0.121094 0.348611
5 0.878516 0.439583 0.236719 0.312500
5 0.119141 0.411806 0.238281 0.484722
5 0.704688 0.444444 0.082812 0.155556
0 0.574219 0.552778 0.057813 0.091667
0 0.473047 0.487500 0.024219 0.025000
0 0.651953 0.588889 0.135156 0.163889
0 0.353125 0.604861 0.153125 0.134722
1 0.530859 0.479861 0.022656 0.051389
4 0.720703 0.529167 0.038281 0.083333
4 0.765234 0.538889 0.049219 0.108333
4 0.696875 0.527083 0.031250 0.087500