6 0.500000 0.742361 1.000000 0.515278
7 0.157812 0.292361 0.315625 0.584722
7 0.843750 0.288889 0.312500 0.577778
5 0.303906 0.414583 0.196875 0.348611
5 0.888672 0.439583 0.216406 0.312500
5 0.114844 0.411806 0.229687 0.484722
5 0.698047 0.445139 0.096094 0.156944
0 0.555469 0.529167 0.035937 0.066667
0 0.469922 0.489583 0.027344 0.029167
0 0.600781 0.541667 0.079687 0.100000
0 0.231641 0.737500 0.325781 0.286111
1 0.528516 0.477778 0.021094 0.047222
4 0.730078 0.531250 0.039844 0.087500
4 0.773438 0.540972 0.051562 0.112500
4 0.703906 0.525694 0.034375 0.090278