6 0.394922 0.742361 0.789844 0.515278
7 0.157812 0.292361 0.315625 0.584722
7 0.843750 0.288889 0.312500 0.577778
5 0.267578 0.414583 0.124219 0.348611
5 0.880469 0.434028 0.232813 0.301389
5 0.119141 0.411806 0.238281 0.484722
5 0.698047 0.451389 0.096094 0.169444
0 0.650781 0.636111 0.159375 0.186111
0 0.359766 0.602778 0.136719 0.147222
0 0.844531 0.788194 0.310937 0.423611
0 0.416016 0.548611 0.067969 0.077778
1 0.534766 0.481944 0.025781 0.058333
4 0.709766 0.527083 0.036719 0.079167
4 0.755859 0.532639 0.047656 0.098611
4 0.691406 0.523611 0.029687 0.083333