6 0.500000 0.742361 1.000000 0.515278
7 0.157812 0.292361 0.315625 0.584722
7 0.843750 0.288889 0.312500 0.577778
5 0.270313 0.413194 0.129688 0.345833
5 0.857031 0.439583 0.279687 0.312500
5 0.114844 0.411806 0.229687 0.484722
5 0.704688 0.444444 0.082812 0.155556
0 0.580078 0.560417 0.064844 0.098611
0 0.221484 0.743750 0.319531 0.323611
0 0.670703 0.605556 0.157031 0.188889
0 0.367969 0.591667 0.132812 0.122222
1 0.531250 0.479167 0.023438 0.052778
4 0.719141 0.529861 0.038281 0.081944
4 0.763672 0.538194 0.049219 0.106944
4 0.700391 0.518056 0.022656 0.072222