6 0.430078 0.742361 0.860156 0.515278
7 0.157812 0.292361 0.315625 0.584722
7 0.843750 0.269444 0.312500 0.538889
5 0.303906 0.414583 0.196875 0.348611
5 0.826562 0.439583 0.254688 0.312500
5 0.119141 0.411806 0.238281 0.484722
5 0.698047 0.447222 0.096094 0.161111
0 0.537891 0.508333 0.017969 0.044444
0 0.462500 0.494444 0.032813 0.033333
0 0.563672 0.511111 0.046094 0.061111
0 0.472656 0.488194 0.015625 0.023611
1 0.901953 0.661111 0.196094 0.677778
4 0.748047 0.536111 0.042969 0.091667
4 0.784375 0.550694 0.045312 0.118056
4 0.718359 0.531250 0.039844 0.093056