6 0.500000 0.742361 1.000000 0.515278
7 0.157812 0.292361 0.315625 0.584722
7 0.843750 0.288889 0.312500 0.577778
5 0.303906 0.414583 0.196875 0.348611
5 0.889453 0.439583 0.214844 0.312500
5 0.119141 0.411806 0.238281 0.484722
5 0.698047 0.446528 0.096094 0.159722
0 0.541406 0.511806 0.021875 0.048611
0 0.464844 0.493750 0.031250 0.031944
0 0.570312 0.515972 0.051562 0.065278
0 0.472656 0.481944 0.015625 0.011111
1 0.525781 0.475694 0.018750 0.043056
4 0.743359 0.535417 0.041406 0.090278
4 0.784766 0.544444 0.053906 0.116667
4 0.714453 0.529167 0.038281 0.094444