6 0.500000 0.742361 1.000000 0.515278
7 0.157812 0.292361 0.315625 0.584722
7 0.843750 0.288889 0.312500 0.577778
5 0.303906 0.414583 0.196875 0.348611
5 0.888672 0.439583 0.216406 0.312500
5 0.114844 0.411806 0.229687 0.484722
5 0.698047 0.445139 0.096094 0.156944
0 0.553906 0.528472 0.034375 0.065278
0 0.469922 0.490278 0.027344 0.027778
0 0.598828 0.540278 0.077344 0.097222
0 0.213281 0.757639 0.354687 0.312500
1 0.528125 0.477778 0.020313 0.047222
4 0.730859 0.531250 0.039844 0.087500
4 0.774219 0.540972 0.051562 0.112500
4 0.704297 0.527083 0.035156 0.090278