6 0.616016 0.742361 0.767969 0.515278
7 0.157812 0.292361 0.315625 0.584722
7 0.843750 0.288889 0.312500 0.577778
5 0.303906 0.414583 0.196875 0.348611
5 0.889453 0.439583 0.214844 0.312500
5 0.119141 0.411806 0.238281 0.484722
5 0.698047 0.445833 0.096094 0.158333
0 0.548828 0.520833 0.028906 0.058333
0 0.467969 0.490972 0.028125 0.029167
0 0.586719 0.529167 0.065625 0.083333
0 0.175781 0.834722 0.351562 0.330556
1 0.527344 0.477083 0.020313 0.045833
4 0.735156 0.534028 0.040625 0.087500
4 0.777734 0.546528 0.052344 0.112500
4 0.707422 0.529167 0.036719 0.091667