6 0.500000 0.742361 1.000000 0.515278
7 0.157812 0.292361 0.315625 0.584722
7 0.843750 0.288889 0.312500 0.577778
5 0.270313 0.414583 0.129688 0.348611
5 0.887891 0.439583 0.217969 0.312500
5 0.119141 0.411806 0.238281 0.484722
5 0.705469 0.451389 0.084375 0.169444
0 0.600391 0.582639 0.089844 0.123611
0 0.303906 0.657639 0.203125 0.209722
0 0.745313 0.677778 0.254688 0.297222
0 0.392969 0.568750 0.098437 0.098611
1 0.533203 0.480556 0.024219 0.055556
4 0.715625 0.509028 0.039062 0.045833
4 0.763672 0.522917 0.041406 0.068056
4 0.694141 0.506250 0.030469 0.056944