6 0.500000 0.742361 1.000000 0.515278
7 0.157812 0.292361 0.315625 0.584722
7 0.843750 0.288889 0.312500 0.577778
5 0.303906 0.414583 0.196875 0.348611
5 0.886719 0.439583 0.220312 0.312500
5 0.119141 0.411806 0.238281 0.484722
5 0.698047 0.445833 0.096094 0.158333
0 0.562500 0.537500 0.043750 0.075000
0 0.471484 0.488194 0.025781 0.026389
0 0.617969 0.556250 0.096875 0.118056
0 0.303906 0.659028 0.220312 0.193056
1 0.529297 0.478472 0.021094 0.048611
4 0.726172 0.531944 0.039844 0.086111
4 0.769922 0.545139 0.050781 0.109722
4 0.700781 0.523611 0.032813 0.088889