6 0.373047 0.742361 0.746094 0.515278
7 0.157812 0.292361 0.315625 0.584722
7 0.843750 0.288889 0.312500 0.577778
5 0.280078 0.414583 0.149219 0.348611
5 0.848047 0.439583 0.297656 0.312500
5 0.119141 0.411806 0.238281 0.484722
5 0.704688 0.451389 0.082812 0.169444
0 0.813672 0.815972 0.372656 0.368056
0 0.398828 0.562500 0.092969 0.102778
0 0.522656 0.483333 0.007812 0.027778
0 0.432812 0.526389 0.051562 0.052778
1 0.537891 0.484028 0.025781 0.065278
4 0.703125 0.525000 0.035937 0.077778
4 0.750000 0.534028 0.046875 0.101389
4 0.687109 0.519444 0.028906 0.080556