6 0.500000 0.742361 1.000000 0.515278
7 0.157812 0.292361 0.315625 0.584722
7 0.843750 0.288889 0.312500 0.577778
5 0.303906 0.414583 0.196875 0.348611
5 0.887891 0.439583 0.217969 0.312500
5 0.118750 0.411806 0.237500 0.484722
5 0.698047 0.446528 0.096094 0.159722
0 0.559766 0.534722 0.041406 0.072222
0 0.471094 0.488889 0.026562 0.027778
0 0.611719 0.551389 0.090625 0.111111
0 0.285156 0.679167 0.246875 0.216667
1 0.528906 0.478472 0.021875 0.048611
4 0.727734 0.531944 0.039844 0.086111
4 0.770703 0.543750 0.050781 0.109722
4 0.701562 0.523611 0.032813 0.088889