6 0.500000 0.742361 1.000000 0.515278
7 0.157812 0.292361 0.315625 0.584722
7 0.843750 0.288889 0.312500 0.577778
5 0.265234 0.414583 0.119531 0.348611
5 0.878516 0.439583 0.236719 0.312500
5 0.119141 0.411806 0.238281 0.484722
5 0.704688 0.445139 0.082812 0.156944
0 0.572266 0.550000 0.055469 0.088889
0 0.472656 0.487500 0.025000 0.025000
0 0.646484 0.582639 0.128906 0.154167
0 0.348828 0.610417 0.158594 0.140278
1 0.530859 0.479861 0.022656 0.051389
4 0.722656 0.528472 0.040625 0.084722
4 0.765625 0.538889 0.050000 0.108333
4 0.697656 0.527083 0.031250 0.087500