6 0.500000 0.742361 1.000000 0.515278
7 0.157812 0.292361 0.315625 0.584722
7 0.843750 0.288889 0.312500 0.577778
5 0.266016 0.414583 0.121094 0.348611
5 0.882422 0.439583 0.228906 0.312500
5 0.119141 0.411806 0.238281 0.484722
5 0.700391 0.445139 0.091406 0.156944
0 0.567578 0.544444 0.049219 0.083333
0 0.472266 0.488194 0.025781 0.026389
0 0.632422 0.569444 0.113281 0.136111
0 0.332813 0.627778 0.181250 0.158333
1 0.530078 0.479167 0.022656 0.050000
4 0.723437 0.529861 0.039062 0.084722
4 0.767188 0.542361 0.050000 0.109722
4 0.698438 0.525694 0.031250 0.087500