6 0.500000 0.742361 1.000000 0.515278
7 0.157812 0.292361 0.315625 0.584722
7 0.843750 0.288889 0.312500 0.577778
5 0.303906 0.414583 0.196875 0.348611
5 0.889453 0.439583 0.214844 0.312500
5 0.119141 0.411806 0.238281 0.484722
5 0.698047 0.446528 0.096094 0.159722
0 0.542188 0.512500 0.021875 0.050000
0 0.465234 0.493056 0.030469 0.030556
0 0.571484 0.517361 0.052344 0.068056
0 0.473047 0.481944 0.016406 0.011111
1 0.525781 0.476389 0.018750 0.044444
4 0.742578 0.535417 0.041406 0.090278
4 0.784375 0.543750 0.053125 0.115278
4 0.713672 0.527778 0.038281 0.094444