6 0.532031 0.742361 0.935937 0.515278
7 0.157812 0.292361 0.315625 0.584722
7 0.843750 0.288889 0.312500 0.577778
5 0.303906 0.414583 0.196875 0.348611
5 0.889453 0.439583 0.214844 0.312500
5 0.119141 0.411806 0.238281 0.484722
5 0.698047 0.447222 0.096094 0.161111
0 0.545312 0.516667 0.025000 0.052778
0 0.466797 0.491667 0.028906 0.030556
0 0.578516 0.523611 0.058594 0.075000
0 0.143359 0.902083 0.286719 0.195833
1 0.526172 0.476389 0.019531 0.044444
4 0.738672 0.533333 0.041406 0.088889
4 0.780859 0.546528 0.052344 0.115278
4 0.710547 0.526389 0.036719 0.091667