6 0.500000 0.742361 1.000000 0.515278
7 0.157812 0.292361 0.315625 0.584722
7 0.843750 0.288889 0.312500 0.577778
5 0.265234 0.414583 0.119531 0.348611
5 0.888281 0.435417 0.217188 0.304167
5 0.119141 0.411806 0.238281 0.484722
5 0.698047 0.450694 0.096094 0.168056
0 0.616016 0.601389 0.110156 0.144444
0 0.333594 0.628472 0.167187 0.176389
0 0.820703 0.765278 0.358594 0.441667
0 0.405078 0.558333 0.082031 0.088889
1 0.533594 0.481250 0.025000 0.056944
4 0.712500 0.518056 0.037500 0.061111
4 0.758594 0.517361 0.048438 0.062500
4 0.692969 0.514583 0.029687 0.068056