6 0.394141 0.742361 0.788281 0.515278
7 0.157812 0.292361 0.315625 0.584722
7 0.843750 0.288889 0.312500 0.577778
5 0.268750 0.414583 0.126562 0.348611
5 0.857031 0.438194 0.279687 0.309722
5 0.119141 0.411806 0.238281 0.484722
5 0.698047 0.450694 0.096094 0.168056
0 0.658594 0.645833 0.170313 0.197222
0 0.363672 0.598611 0.132031 0.141667
0 0.851562 0.793750 0.296875 0.412500
0 0.417187 0.546528 0.067187 0.076389
1 0.535547 0.481944 0.025781 0.058333
4 0.708984 0.526389 0.036719 0.080556
4 0.755469 0.536111 0.048438 0.102778
4 0.691016 0.520833 0.028906 0.077778