6 0.500000 0.742361 1.000000 0.515278
7 0.157812 0.292361 0.315625 0.584722
7 0.843750 0.288889 0.312500 0.577778
5 0.265234 0.414583 0.119531 0.348611
5 0.848047 0.439583 0.297656 0.312500
5 0.119141 0.411806 0.238281 0.484722
5 0.704297 0.445139 0.083594 0.156944
0 0.570312 0.548611 0.053125 0.086111
0 0.472656 0.487500 0.025000 0.025000
0 0.641406 0.578472 0.123438 0.148611
0 0.343750 0.615972 0.165625 0.145833
1 0.530078 0.479167 0.022656 0.050000
4 0.721875 0.528472 0.039062 0.084722
4 0.766406 0.539583 0.050000 0.106944
4 0.697656 0.526389 0.031250 0.088889