6 0.616406 0.742361 0.767188 0.515278
7 0.157812 0.292361 0.315625 0.584722
7 0.843750 0.288889 0.312500 0.577778
5 0.303906 0.414583 0.196875 0.348611
5 0.888672 0.439583 0.216406 0.312500
5 0.119141 0.411806 0.238281 0.484722
5 0.698047 0.445833 0.096094 0.158333
0 0.551953 0.524306 0.032031 0.062500
0 0.469141 0.490278 0.027344 0.027778
0 0.592187 0.534722 0.071875 0.088889
0 0.187109 0.813889 0.374219 0.372222
1 0.527344 0.477778 0.020313 0.047222
4 0.732812 0.532639 0.040625 0.087500
4 0.775781 0.543056 0.051562 0.111111
4 0.705859 0.529167 0.035156 0.091667