6 0.500000 0.742361 1.000000 0.515278
7 0.157812 0.292361 0.315625 0.584722
7 0.843750 0.288889 0.312500 0.577778
5 0.303906 0.414583 0.196875 0.348611
5 0.889453 0.439583 0.214844 0.312500
5 0.119141 0.411806 0.238281 0.484722
5 0.698047 0.447222 0.096094 0.161111
0 0.539062 0.509722 0.018750 0.047222
0 0.463281 0.494444 0.031250 0.033333
0 0.565625 0.513194 0.048438 0.062500
0 0.473438 0.488194 0.014063 0.023611
1 0.525391 0.475694 0.017969 0.043056
4 0.746094 0.536806 0.042188 0.090278
4 0.793359 0.548611 0.042969 0.116667
4 0.717187 0.531250 0.039062 0.093056