6 0.510156 0.742361 0.979688 0.515278
7 0.157812 0.292361 0.315625 0.584722
7 0.843750 0.288889 0.312500 0.577778
5 0.303906 0.414583 0.196875 0.348611
5 0.889453 0.439583 0.214844 0.312500
5 0.119141 0.411806 0.238281 0.484722
5 0.698047 0.447222 0.096094 0.161111
0 0.544531 0.515972 0.025000 0.054167
0 0.466406 0.491667 0.029687 0.030556
0 0.576953 0.521528 0.057031 0.073611
0 0.132422 0.920833 0.264844 0.158333
1 0.526172 0.476389 0.019531 0.044444
4 0.739453 0.533333 0.041406 0.088889
4 0.781250 0.545833 0.053125 0.113889
4 0.710938 0.525694 0.037500 0.093056