6 0.500000 0.742361 1.000000 0.515278
7 0.157812 0.292361 0.315625 0.584722
7 0.843750 0.288889 0.312500 0.577778
5 0.303906 0.414583 0.196875 0.348611
5 0.889453 0.439583 0.214844 0.312500
5 0.119141 0.411806 0.238281 0.484722
5 0.698047 0.447222 0.096094 0.161111
0 0.543750 0.515278 0.023438 0.052778
0 0.466016 0.493056 0.030469 0.030556
0 0.575781 0.520833 0.056250 0.072222
0 0.085547 0.940972 0.171094 0.118056
1 0.526172 0.476389 0.019531 0.044444
4 0.740234 0.533333 0.041406 0.088889
4 0.782031 0.545139 0.053125 0.115278
4 0.711719 0.525694 0.037500 0.093056