6 0.418359 0.742361 0.836719 0.515278
7 0.157812 0.292361 0.315625 0.584722
7 0.843750 0.254167 0.312500 0.508333
5 0.303906 0.414583 0.196875 0.348611
5 0.826172 0.437500 0.253906 0.308333
5 0.119141 0.411806 0.238281 0.484722
5 0.698047 0.447222 0.096094 0.161111
0 0.536328 0.506250 0.016406 0.043056
0 0.461719 0.495833 0.032813 0.033333
0 0.560156 0.509028 0.043750 0.056944
0 0.471094 0.489583 0.017188 0.023611
1 0.873828 0.660417 0.252344 0.679167
4 0.739453 0.536806 0.021094 0.093056
4 0.720703 0.531250 0.039844 0.095833