6 0.397656 0.742361 0.795312 0.515278
7 0.157812 0.292361 0.315625 0.584722
7 0.843750 0.288889 0.312500 0.577778
5 0.265234 0.414583 0.119531 0.348611
5 0.888281 0.432639 0.217188 0.298611
5 0.119141 0.411806 0.238281 0.484722
5 0.698047 0.452083 0.096094 0.170833
0 0.632422 0.620833 0.132031 0.166667
0 0.350391 0.612500 0.147656 0.158333
0 0.833203 0.780556 0.333594 0.438889
0 0.411719 0.552083 0.073438 0.081944
1 0.534766 0.481944 0.025781 0.058333
4 0.710938 0.527778 0.037500 0.080556
4 0.757031 0.524306 0.048438 0.081944
4 0.691797 0.524306 0.028906 0.084722