6 0.500000 0.742361 1.000000 0.515278
7 0.157812 0.292361 0.315625 0.584722
7 0.843750 0.288889 0.312500 0.577778
5 0.267578 0.414583 0.124219 0.348611
5 0.851562 0.439583 0.290625 0.312500
5 0.119141 0.411806 0.238281 0.484722
5 0.704688 0.444444 0.082812 0.155556
0 0.576172 0.554861 0.060156 0.093056
0 0.473047 0.487500 0.024219 0.025000
0 0.657422 0.593056 0.141406 0.169444
0 0.357812 0.600000 0.146875 0.130556
1 0.530859 0.479167 0.022656 0.052778
4 0.720313 0.529167 0.039062 0.083333
4 0.764844 0.538194 0.050000 0.106944
4 0.696875 0.525000 0.031250 0.083333