6 0.367578 0.742361 0.735156 0.515278
7 0.157812 0.292361 0.315625 0.584722
7 0.843750 0.288889 0.312500 0.577778
5 0.278125 0.414583 0.145313 0.348611
5 0.848047 0.439583 0.297656 0.312500
5 0.119141 0.411806 0.238281 0.484722
5 0.704688 0.450000 0.082812 0.166667
0 0.806641 0.804167 0.386719 0.391667
0 0.394531 0.567361 0.098437 0.106944
0 0.521875 0.481944 0.007812 0.025000
0 0.430469 0.528472 0.053125 0.056944
1 0.538281 0.483333 0.028125 0.063889
4 0.703906 0.525694 0.035937 0.079167
4 0.750781 0.535417 0.046875 0.101389
4 0.687891 0.518750 0.028906 0.081944