6 0.500000 0.742361 1.000000 0.515278
7 0.157812 0.292361 0.315625 0.584722
7 0.843750 0.288889 0.312500 0.577778
5 0.303906 0.414583 0.196875 0.348611
5 0.888672 0.439583 0.216406 0.312500
5 0.114844 0.411806 0.229687 0.484722
5 0.698047 0.446528 0.096094 0.159722
0 0.557422 0.531944 0.038281 0.069444
0 0.470313 0.488889 0.026562 0.027778
0 0.605859 0.547222 0.085156 0.105556
0 0.261719 0.703472 0.281250 0.245833
1 0.528516 0.478472 0.021094 0.048611
4 0.729688 0.531944 0.042188 0.086111
4 0.771875 0.541667 0.051562 0.111111
4 0.702734 0.524306 0.033594 0.090278