6 0.500000 0.742361 1.000000 0.515278
7 0.157812 0.292361 0.315625 0.584722
7 0.843750 0.288889 0.312500 0.577778
5 0.303906 0.414583 0.196875 0.348611
5 0.888672 0.439583 0.216406 0.312500
5 0.114844 0.411806 0.229687 0.484722
5 0.698047 0.445139 0.096094 0.156944
0 0.555859 0.529861 0.036719 0.068056
0 0.470313 0.488889 0.026562 0.027778
0 0.603516 0.543750 0.082031 0.101389
0 0.247266 0.719444 0.302344 0.263889
1 0.528516 0.477778 0.021094 0.047222
4 0.729297 0.531250 0.039844 0.087500
4 0.772656 0.541667 0.051562 0.111111
4 0.703125 0.525694 0.034375 0.090278