6 0.500000 0.742361 1.000000 0.515278
7 0.157812 0.292361 0.315625 0.584722
7 0.843750 0.288889 0.312500 0.577778
5 0.273438 0.411111 0.135937 0.341667
5 0.867969 0.439583 0.257812 0.312500
5 0.114844 0.411806 0.229687 0.484722
5 0.698047 0.443750 0.096094 0.154167
0 0.585156 0.565972 0.070312 0.104167
0 0.248438 0.711806 0.276562 0.279167
0 0.686719 0.620139 0.176563 0.209722
0 0.375781 0.584722 0.121875 0.113889
1 0.532031 0.479861 0.023438 0.054167
4 0.721094 0.524306 0.035937 0.070833
4 0.762891 0.538889 0.049219 0.105556
4 0.700000 0.502778 0.021875 0.044444