6 0.583984 0.742361 0.832031 0.515278
7 0.157812 0.292361 0.315625 0.584722
7 0.843750 0.288889 0.312500 0.577778
5 0.303906 0.414583 0.196875 0.348611
5 0.888672 0.439583 0.216406 0.312500
5 0.119141 0.411806 0.238281 0.484722
5 0.698047 0.445139 0.096094 0.156944
0 0.551953 0.525694 0.032031 0.062500
0 0.469141 0.490278 0.027344 0.027778
0 0.594531 0.536111 0.073438 0.091667
0 0.190234 0.809028 0.380469 0.381944
1 0.527734 0.477778 0.021094 0.047222
4 0.732422 0.531944 0.039844 0.088889
4 0.775000 0.542361 0.051562 0.112500
4 0.705078 0.529167 0.035156 0.091667