6 0.500000 0.742361 1.000000 0.515278
7 0.157812 0.292361 0.315625 0.584722
7 0.843750 0.288889 0.312500 0.577778
5 0.303906 0.414583 0.196875 0.348611
5 0.887891 0.439583 0.217969 0.312500
5 0.119141 0.411806 0.238281 0.484722
5 0.698047 0.446528 0.096094 0.159722
0 0.560547 0.535417 0.041406 0.073611
0 0.471094 0.488889 0.026562 0.027778
0 0.614844 0.554167 0.093750 0.116667
0 0.295312 0.668750 0.232813 0.204167
1 0.528906 0.478472 0.021875 0.048611
4 0.726953 0.531944 0.039844 0.086111
4 0.769922 0.544444 0.050781 0.111111
4 0.701172 0.523611 0.033594 0.088889