6 0.373047 0.742361 0.746094 0.515278
7 0.157812 0.292361 0.315625 0.584722
7 0.843750 0.288889 0.312500 0.577778
5 0.278906 0.414583 0.146875 0.348611
5 0.848047 0.439583 0.297656 0.312500
5 0.119141 0.411806 0.238281 0.484722
5 0.704688 0.450000 0.082812 0.166667
0 0.809766 0.809722 0.380469 0.380556
0 0.396875 0.565278 0.095312 0.105556
0 0.522266 0.482639 0.008594 0.026389
0 0.431641 0.527083 0.052344 0.054167
1 0.538281 0.484028 0.028125 0.065278
4 0.703906 0.525694 0.035937 0.079167
4 0.750781 0.534722 0.046875 0.102778
4 0.687891 0.518750 0.028906 0.081944