6 0.426953 0.742361 0.853906 0.515278
7 0.157812 0.292361 0.315625 0.584722
7 0.843750 0.263194 0.312500 0.526389
5 0.303906 0.414583 0.196875 0.348611
5 0.826172 0.438889 0.253906 0.311111
5 0.119141 0.411806 0.238281 0.484722
5 0.698047 0.447222 0.096094 0.161111
0 0.536719 0.506944 0.017188 0.044444
0 0.461719 0.495833 0.032813 0.033333
0 0.561328 0.509722 0.044531 0.058333
0 0.471484 0.489583 0.017969 0.023611
1 0.882031 0.660417 0.235937 0.679167
4 0.747266 0.535417 0.038281 0.093056
4 0.764844 0.545139 0.003125 0.006944
4 0.719922 0.531944 0.039844 0.094444