6 0.500000 0.742361 1.000000 0.515278
7 0.157812 0.292361 0.315625 0.584722
7 0.843750 0.288889 0.312500 0.577778
5 0.274219 0.414583 0.137500 0.348611
5 0.882812 0.439583 0.228125 0.312500
5 0.119141 0.411806 0.238281 0.484722
5 0.698047 0.445833 0.096094 0.158333
0 0.564453 0.540972 0.046094 0.079167
0 0.471875 0.488194 0.025000 0.026389
0 0.624609 0.562500 0.103906 0.127778
0 0.319531 0.641667 0.198437 0.175000
1 0.529687 0.479167 0.021875 0.050000
4 0.725000 0.531250 0.039062 0.084722
4 0.768359 0.543750 0.050781 0.109722
4 0.699609 0.523611 0.032031 0.088889