6 0.389844 0.742361 0.779687 0.515278
7 0.157812 0.292361 0.315625 0.584722
7 0.843750 0.288889 0.312500 0.577778
5 0.272266 0.414583 0.133594 0.348611
5 0.862891 0.439583 0.267969 0.312500
5 0.119141 0.411806 0.238281 0.484722
5 0.698047 0.450000 0.096094 0.166667
0 0.683203 0.667361 0.210156 0.226389
0 0.371484 0.591667 0.124219 0.133333
0 0.869922 0.806250 0.260156 0.387500
0 0.420703 0.542361 0.063281 0.070833
1 0.535937 0.482639 0.026562 0.059722
4 0.708984 0.524306 0.038281 0.079167
4 0.754297 0.537500 0.047656 0.102778
4 0.690234 0.519444 0.028906 0.077778