6 0.500000 0.742361 1.000000 0.515278
7 0.157812 0.292361 0.315625 0.584722
7 0.843750 0.288889 0.312500 0.577778
5 0.265234 0.414583 0.119531 0.348611
5 0.888281 0.436806 0.217188 0.306944
5 0.119141 0.411806 0.238281 0.484722
5 0.698047 0.450694 0.096094 0.168056
0 0.611719 0.596528 0.104688 0.137500
0 0.326953 0.634722 0.174219 0.183333
0 0.805469 0.736111 0.342187 0.394444
0 0.401953 0.561111 0.086719 0.091667
1 0.533594 0.481250 0.025000 0.056944
4 0.713281 0.515278 0.037500 0.058333
4 0.758594 0.517361 0.048438 0.062500
4 0.692969 0.511111 0.029687 0.063889