6 0.500000 0.742361 1.000000 0.515278
7 0.157812 0.292361 0.315625 0.584722
7 0.843750 0.288889 0.312500 0.577778
5 0.265234 0.414583 0.119531 0.348611
5 0.888672 0.438889 0.216406 0.311111
5 0.119141 0.411806 0.238281 0.484722
5 0.705469 0.450694 0.084375 0.168056
0 0.603906 0.587500 0.095312 0.127778
0 0.312500 0.649306 0.192188 0.201389
0 0.762891 0.693750 0.278906 0.323611
0 0.395703 0.565972 0.094531 0.095833
1 0.533203 0.480556 0.024219 0.055556
4 0.714063 0.511806 0.037500 0.051389
4 0.760156 0.519444 0.048438 0.063889
4 0.693750 0.506944 0.029687 0.058333