6 0.400000 0.742361 0.800000 0.515278
7 0.157812 0.292361 0.315625 0.584722
7 0.843750 0.288889 0.312500 0.577778
5 0.275781 0.414583 0.140625 0.348611
5 0.874609 0.439583 0.244531 0.312500
5 0.119141 0.411806 0.238281 0.484722
5 0.704688 0.450000 0.082812 0.166667
0 0.714844 0.695139 0.259375 0.262500
0 0.378516 0.584028 0.116406 0.126389
0 0.896094 0.826389 0.207813 0.347222
0 0.423047 0.538889 0.060156 0.069444
1 0.535547 0.482639 0.024219 0.059722
4 0.707031 0.524306 0.035937 0.079167
4 0.753516 0.537500 0.047656 0.100000
4 0.689844 0.520833 0.029687 0.083333