6 0.400781 0.742361 0.801562 0.515278
7 0.157812 0.292361 0.315625 0.584722
7 0.843750 0.288889 0.312500 0.577778
5 0.265234 0.414583 0.119531 0.348611
5 0.888281 0.434028 0.217188 0.301389
5 0.119141 0.411806 0.238281 0.484722
5 0.698047 0.450694 0.096094 0.168056
0 0.620703 0.606944 0.116406 0.150000
0 0.339453 0.623611 0.160156 0.169444
0 0.824219 0.774306 0.351562 0.451389
0 0.407813 0.556944 0.078125 0.086111
1 0.534375 0.481250 0.025000 0.056944
4 0.711719 0.520833 0.037500 0.066667
4 0.757812 0.520139 0.048438 0.070833
4 0.692187 0.516667 0.029687 0.072222