6 0.500000 0.742361 1.000000 0.515278
7 0.157812 0.292361 0.315625 0.584722
7 0.843750 0.288889 0.312500 0.577778
5 0.265234 0.414583 0.119531 0.348611
5 0.888281 0.437500 0.217188 0.308333
5 0.119141 0.411806 0.238281 0.484722
5 0.698438 0.450694 0.096875 0.168056
0 0.607812 0.590972 0.100000 0.131944
0 0.319922 0.641667 0.183594 0.191667
0 0.782422 0.713889 0.307031 0.355556
0 0.399219 0.563194 0.090625 0.093056
1 0.533203 0.480556 0.024219 0.055556
4 0.713672 0.513889 0.038281 0.055556
4 0.759375 0.518750 0.048438 0.062500
4 0.693359 0.509722 0.030469 0.061111