6 0.390625 0.742361 0.781250 0.515278
7 0.157812 0.292361 0.315625 0.584722
7 0.843750 0.288889 0.312500 0.577778
5 0.276953 0.414583 0.142969 0.348611
5 0.848047 0.439583 0.297656 0.312500
5 0.119141 0.411806 0.238281 0.484722
5 0.704688 0.450000 0.082812 0.166667
0 0.803516 0.799306 0.392969 0.401389
0 0.391797 0.570139 0.100781 0.109722
0 0.521875 0.481944 0.007812 0.025000
0 0.429297 0.529861 0.055469 0.056944
1 0.537891 0.483333 0.027344 0.063889
4 0.704688 0.525694 0.035937 0.079167
4 0.751563 0.536806 0.046875 0.101389
4 0.688672 0.518750 0.028906 0.081944