6 0.605078 0.742361 0.789844 0.515278
7 0.157812 0.292361 0.315625 0.584722
7 0.843750 0.288889 0.312500 0.577778
5 0.303906 0.414583 0.196875 0.348611
5 0.889453 0.439583 0.214844 0.312500
5 0.119141 0.411806 0.238281 0.484722
5 0.698047 0.445833 0.096094 0.158333
0 0.548047 0.520139 0.027344 0.056944
0 0.467969 0.490972 0.028125 0.029167
0 0.584766 0.528472 0.064844 0.081944
0 0.171094 0.843056 0.342187 0.313889
1 0.526953 0.477083 0.019531 0.045833
4 0.735938 0.534028 0.040625 0.087500
4 0.778516 0.547222 0.052344 0.113889
4 0.708203 0.529167 0.036719 0.091667