6 0.500000 0.742361 1.000000 0.515278
7 0.157812 0.292361 0.315625 0.584722
7 0.843750 0.288889 0.312500 0.577778
5 0.269141 0.414583 0.127344 0.348611
5 0.854297 0.439583 0.285156 0.312500
5 0.119141 0.411806 0.238281 0.484722
5 0.704688 0.444444 0.082812 0.155556
0 0.578125 0.557639 0.062500 0.095833
0 0.473047 0.486806 0.024219 0.026389
0 0.663672 0.599306 0.149219 0.179167
0 0.361719 0.595833 0.142187 0.125000
1 0.531250 0.479167 0.023438 0.052778
4 0.719531 0.529861 0.039062 0.084722
4 0.764453 0.538194 0.049219 0.106944
4 0.698438 0.525000 0.026562 0.086111