6 0.555078 0.742361 0.889844 0.515278
7 0.157812 0.292361 0.315625 0.584722
7 0.843750 0.288889 0.312500 0.577778
5 0.303906 0.414583 0.196875 0.348611
5 0.889453 0.439583 0.214844 0.312500
5 0.119141 0.411806 0.238281 0.484722
5 0.698047 0.445833 0.096094 0.158333
0 0.545703 0.517361 0.025781 0.054167
0 0.466797 0.491667 0.028906 0.030556
0 0.580078 0.524306 0.060156 0.076389
0 0.151953 0.882639 0.303906 0.234722
1 0.526953 0.476389 0.019531 0.044444
4 0.737891 0.534028 0.041406 0.090278
4 0.785547 0.547222 0.041406 0.113889
4 0.710156 0.527083 0.037500 0.093056