6 0.610156 0.742361 0.779687 0.515278
7 0.157812 0.292361 0.315625 0.584722
7 0.843750 0.288889 0.312500 0.577778
5 0.303906 0.414583 0.196875 0.348611
5 0.889062 0.439583 0.215625 0.312500
5 0.119141 0.411806 0.238281 0.484722
5 0.698047 0.445833 0.096094 0.158333
0 0.550391 0.523611 0.030469 0.061111
0 0.468750 0.490972 0.028125 0.029167
0 0.590234 0.533333 0.069531 0.088889
0 0.183984 0.820139 0.367969 0.359722
1 0.527344 0.477083 0.020313 0.045833
4 0.733594 0.532639 0.040625 0.087500
4 0.776172 0.543750 0.052344 0.112500
4 0.706250 0.529167 0.035937 0.091667