6 0.393750 0.742361 0.787500 0.515278
7 0.157812 0.292361 0.315625 0.584722
7 0.843750 0.288889 0.312500 0.577778
5 0.270313 0.414583 0.129688 0.348611
5 0.860156 0.439583 0.273438 0.312500
5 0.119141 0.411806 0.238281 0.484722
5 0.698047 0.450000 0.096094 0.166667
0 0.669531 0.655556 0.187500 0.211111
0 0.367969 0.595139 0.128125 0.137500
0 0.860156 0.799306 0.279687 0.401389
0 0.419141 0.543750 0.064844 0.073611
1 0.535547 0.482639 0.025781 0.059722
4 0.708984 0.525694 0.036719 0.079167
4 0.755078 0.536806 0.047656 0.104167
4 0.690625 0.519444 0.029687 0.077778