6 0.371484 0.742361 0.742969 0.515278
7 0.157812 0.292361 0.315625 0.584722
7 0.843750 0.288889 0.312500 0.577778
5 0.281250 0.414583 0.151562 0.348611
5 0.848047 0.439583 0.297656 0.312500
5 0.119141 0.411806 0.238281 0.484722
5 0.704688 0.447222 0.082812 0.161111
0 0.818359 0.823611 0.363281 0.352778
0 0.400781 0.561111 0.090625 0.100000
0 0.522656 0.482639 0.007812 0.026389
0 0.433594 0.525000 0.051562 0.052778
1 0.539453 0.484028 0.028906 0.065278
4 0.703906 0.523611 0.037500 0.077778
4 0.750000 0.533333 0.046875 0.100000
4 0.686719 0.520139 0.028125 0.081944