6 0.500000 0.742361 1.000000 0.515278
7 0.157812 0.292361 0.315625 0.584722
7 0.843750 0.288889 0.312500 0.577778
5 0.274609 0.411806 0.138281 0.343056
5 0.868359 0.439583 0.257031 0.312500
5 0.114844 0.411806 0.229687 0.484722
5 0.698047 0.443750 0.096094 0.154167
0 0.587891 0.568750 0.074219 0.106944
0 0.262109 0.697917 0.258594 0.259722
0 0.695703 0.631250 0.188281 0.226389
0 0.379297 0.580556 0.117969 0.111111
1 0.532031 0.479861 0.023438 0.054167
4 0.721484 0.516667 0.028906 0.058333
4 0.762109 0.539583 0.049219 0.104167
4 0.698438 0.502083 0.023438 0.045833