6 0.393359 0.742361 0.786719 0.515278
7 0.157812 0.292361 0.315625 0.584722
7 0.843750 0.288889 0.312500 0.577778
5 0.274219 0.414583 0.137500 0.348611
5 0.866016 0.439583 0.261719 0.312500
5 0.119141 0.411806 0.238281 0.484722
5 0.698047 0.450000 0.096094 0.166667
0 0.698438 0.680556 0.234375 0.241667
0 0.375000 0.588194 0.120313 0.129167
0 0.881641 0.815278 0.236719 0.369444
0 0.421875 0.539583 0.062500 0.068056
1 0.535937 0.482639 0.026562 0.059722
4 0.707422 0.524306 0.036719 0.079167
4 0.754297 0.538194 0.047656 0.101389
4 0.690234 0.520139 0.028906 0.081944