6 0.396094 0.742361 0.792188 0.515278
7 0.157812 0.292361 0.315625 0.584722
7 0.843750 0.288889 0.312500 0.577778
5 0.265625 0.414583 0.120313 0.348611
5 0.883594 0.432639 0.226562 0.298611
5 0.119141 0.411806 0.238281 0.484722
5 0.698047 0.452083 0.096094 0.170833
0 0.639453 0.627778 0.141406 0.175000
0 0.355469 0.607639 0.142187 0.151389
0 0.838672 0.784028 0.322656 0.431944
0 0.414453 0.550000 0.069531 0.080556
1 0.534766 0.481944 0.025781 0.058333
4 0.710156 0.527778 0.037500 0.080556
4 0.756250 0.528472 0.048438 0.090278
4 0.691406 0.523611 0.029687 0.083333