6 0.428516 0.742361 0.857031 0.515278
7 0.157812 0.292361 0.315625 0.584722
7 0.843750 0.288889 0.312500 0.577778
5 0.276172 0.414583 0.141406 0.348611
5 0.877734 0.439583 0.238281 0.312500
5 0.119141 0.411806 0.238281 0.484722
5 0.704688 0.450000 0.082812 0.166667
0 0.730859 0.711806 0.285156 0.284722
0 0.381250 0.581250 0.112500 0.123611
0 0.914062 0.838889 0.171875 0.322222
0 0.424219 0.536806 0.059375 0.065278
1 0.536719 0.483333 0.026562 0.061111
4 0.706641 0.525000 0.036719 0.080556
4 0.753516 0.537500 0.047656 0.100000
4 0.689453 0.519444 0.028906 0.083333