6 0.427344 0.742361 0.854688 0.515278
7 0.157812 0.292361 0.315625 0.584722
7 0.843750 0.270139 0.312500 0.540278
5 0.303906 0.414583 0.196875 0.348611
5 0.826562 0.439583 0.254688 0.312500
5 0.119141 0.411806 0.238281 0.484722
5 0.698047 0.447222 0.096094 0.161111
0 0.537500 0.507639 0.017188 0.045833
0 0.462500 0.495833 0.032813 0.033333
0 0.562500 0.510417 0.045312 0.059722
0 0.471484 0.488889 0.017969 0.022222
1 0.891406 0.661111 0.217188 0.677778
4 0.748828 0.535417 0.042969 0.093056
4 0.774219 0.553472 0.023438 0.087500
4 0.719141 0.531250 0.039844 0.093056