6 0.500000 0.742361 1.000000 0.515278
7 0.157812 0.292361 0.315625 0.584722
7 0.843750 0.288889 0.312500 0.577778
5 0.303906 0.414583 0.196875 0.348611
5 0.889453 0.439583 0.214844 0.312500
5 0.119141 0.411806 0.238281 0.484722
5 0.698047 0.447222 0.096094 0.161111
0 0.543359 0.514583 0.022656 0.051389
0 0.465625 0.493056 0.029687 0.030556
0 0.574219 0.519444 0.054688 0.069444
0 0.471484 0.481250 0.013281 0.009722
1 0.526172 0.476389 0.019531 0.044444
4 0.741016 0.534028 0.041406 0.090278
4 0.782813 0.543750 0.053125 0.115278
4 0.712500 0.526389 0.037500 0.094444