6 0.395703 0.742361 0.791406 0.515278
7 0.157812 0.292361 0.315625 0.584722
7 0.843750 0.202083 0.312500 0.404167
5 0.303906 0.414583 0.196875 0.348611
5 0.878125 0.329861 0.150000 0.093056
5 0.119141 0.411806 0.238281 0.484722
5 0.686719 0.447222 0.073438 0.161111
0 0.534766 0.505556 0.014844 0.041667
0 0.460547 0.496528 0.033594 0.034722
0 0.557422 0.506944 0.041406 0.055556
0 0.471094 0.490972 0.017188 0.026389
1 0.854688 0.659028 0.290625 0.681944
4 0.706641 0.525000 0.008594 0.005556