6 0.500000 0.742361 1.000000 0.515278
7 0.157812 0.292361 0.315625 0.584722
7 0.843750 0.288889 0.312500 0.577778
5 0.303906 0.414583 0.196875 0.348611
5 0.889453 0.439583 0.214844 0.312500
5 0.119141 0.411806 0.238281 0.484722
5 0.698047 0.446528 0.096094 0.159722
0 0.539453 0.509722 0.019531 0.047222
0 0.463672 0.493750 0.032031 0.031944
0 0.566797 0.513889 0.049219 0.063889
0 0.473047 0.481944 0.014844 0.011111
1 0.525391 0.475694 0.017969 0.043056
4 0.745313 0.536806 0.042188 0.090278
4 0.787109 0.547222 0.053906 0.116667
4 0.716406 0.531250 0.039062 0.093056