6 0.469141 0.742361 0.938281 0.515278
7 0.157812 0.292361 0.315625 0.584722
7 0.843750 0.288889 0.312500 0.577778
5 0.276562 0.414583 0.142187 0.348611
5 0.878906 0.439583 0.235937 0.312500
5 0.119141 0.411806 0.238281 0.484722
5 0.704688 0.450000 0.082812 0.166667
0 0.748047 0.731944 0.311719 0.311111
0 0.384375 0.577778 0.109375 0.119444
0 0.937500 0.857639 0.125000 0.284722
0 0.425391 0.533333 0.058594 0.061111
1 0.535937 0.483333 0.025000 0.061111
4 0.706641 0.525694 0.038281 0.079167
4 0.752734 0.537500 0.047656 0.100000
4 0.689453 0.518750 0.028906 0.081944