6 0.431641 0.742361 0.863281 0.515278
7 0.157812 0.292361 0.315625 0.584722
7 0.843750 0.269444 0.312500 0.538889
5 0.303906 0.414583 0.196875 0.348611
5 0.803125 0.439583 0.207813 0.312500
5 0.119141 0.411806 0.238281 0.484722
5 0.698047 0.447222 0.096094 0.161111
0 0.538672 0.509028 0.017969 0.045833
0 0.462891 0.494444 0.032031 0.033333
0 0.564453 0.511806 0.047656 0.059722
0 0.473438 0.488194 0.014063 0.023611
1 0.914453 0.661806 0.171094 0.676389
4 0.747266 0.536806 0.042969 0.093056
4 0.788281 0.549306 0.054688 0.118056
4 0.717969 0.531250 0.039062 0.093056