6 0.500000 0.742361 1.000000 0.515278
7 0.157812 0.292361 0.315625 0.584722
7 0.843750 0.288889 0.312500 0.577778
5 0.303906 0.414583 0.196875 0.348611
5 0.885547 0.439583 0.222656 0.312500
5 0.119141 0.411806 0.238281 0.484722
5 0.698047 0.445833 0.096094 0.158333
0 0.563281 0.539583 0.045312 0.076389
0 0.471484 0.488194 0.025781 0.026389
0 0.621094 0.559722 0.100000 0.122222
0 0.312109 0.650000 0.208594 0.183333
1 0.529687 0.478472 0.021875 0.048611
4 0.725391 0.531944 0.039844 0.086111
4 0.769141 0.545139 0.050781 0.109722
4 0.700000 0.523611 0.032813 0.088889