6 0.500000 0.742361 1.000000 0.515278
7 0.157812 0.292361 0.315625 0.584722
7 0.843750 0.288889 0.312500 0.577778
5 0.303906 0.414583 0.196875 0.348611
5 0.888281 0.439583 0.217188 0.312500
5 0.116406 0.411806 0.232813 0.484722
5 0.698047 0.446528 0.096094 0.159722
0 0.558203 0.532639 0.038281 0.070833
0 0.471094 0.488889 0.026562 0.027778
0 0.608594 0.548611 0.087500 0.108333
0 0.273828 0.690972 0.263281 0.229167
1 0.528516 0.478472 0.021094 0.048611
4 0.728125 0.531944 0.039062 0.086111
4 0.771484 0.543056 0.050781 0.111111
4 0.701953 0.523611 0.033594 0.088889