6 0.500000 0.742361 1.000000 0.515278
7 0.157812 0.292361 0.315625 0.584722
7 0.843750 0.288889 0.312500 0.577778
5 0.274219 0.414583 0.137500 0.348611
5 0.883203 0.439583 0.227344 0.312500
5 0.119141 0.411806 0.238281 0.484722
5 0.698047 0.445833 0.096094 0.158333
0 0.596875 0.579167 0.085938 0.119444
0 0.294922 0.665972 0.214844 0.220833
0 0.730469 0.662500 0.234375 0.275000
0 0.389062 0.571528 0.104688 0.101389
1 0.532422 0.480556 0.024219 0.055556
4 0.715234 0.509722 0.038281 0.047222
4 0.760938 0.532639 0.048438 0.087500
4 0.694141 0.504167 0.030469 0.052778