6 0.591406 0.742361 0.817187 0.515278
7 0.157812 0.292361 0.315625 0.584722
7 0.843750 0.288889 0.312500 0.577778
5 0.303906 0.414583 0.196875 0.348611
5 0.889453 0.439583 0.214844 0.312500
5 0.119141 0.411806 0.238281 0.484722
5 0.698047 0.445833 0.096094 0.158333
0 0.547266 0.519444 0.027344 0.055556
0 0.467578 0.490972 0.028906 0.029167
0 0.583203 0.527083 0.063281 0.079167
0 0.165625 0.854167 0.331250 0.291667
1 0.526953 0.477083 0.019531 0.045833
4 0.736719 0.534028 0.040625 0.087500
4 0.778516 0.547222 0.052344 0.113889
4 0.708984 0.527778 0.036719 0.091667