6 0.614844 0.742361 0.770312 0.515278
7 0.157812 0.292361 0.315625 0.584722
7 0.843750 0.288889 0.312500 0.577778
5 0.303906 0.414583 0.196875 0.348611
5 0.889453 0.439583 0.214844 0.312500
5 0.119141 0.411806 0.238281 0.484722
5 0.698047 0.445833 0.096094 0.158333
0 0.549609 0.522917 0.028906 0.059722
0 0.468750 0.490972 0.028125 0.029167
0 0.588672 0.531250 0.067969 0.084722
0 0.180078 0.826389 0.360156 0.347222
1 0.527344 0.477083 0.020313 0.045833
4 0.734375 0.534028 0.040625 0.087500
4 0.776953 0.545139 0.052344 0.112500
4 0.707031 0.529167 0.035937 0.091667