6 0.500000 0.742361 1.000000 0.515278
7 0.157812 0.292361 0.315625 0.584722
7 0.843750 0.288889 0.312500 0.577778
5 0.274219 0.414583 0.137500 0.348611
5 0.881250 0.439583 0.231250 0.312500
5 0.119141 0.411806 0.238281 0.484722
5 0.698047 0.445833 0.096094 0.158333
0 0.593750 0.575694 0.081250 0.115278
0 0.285547 0.675694 0.227344 0.231944
0 0.717578 0.650694 0.216406 0.256944
0 0.386328 0.574306 0.107031 0.104167
1 0.532422 0.479861 0.024219 0.054167
4 0.719922 0.511111 0.030469 0.050000
4 0.761328 0.540278 0.049219 0.102778
4 0.694531 0.500694 0.029687 0.045833