6 0.500000 0.742361 1.000000 0.515278
7 0.157812 0.292361 0.315625 0.584722
7 0.843750 0.288889 0.312500 0.577778
5 0.276562 0.414583 0.142187 0.348611
5 0.848047 0.439583 0.297656 0.312500
5 0.119141 0.411806 0.238281 0.484722
5 0.704688 0.450000 0.082812 0.166667
0 0.790234 0.781250 0.377344 0.381944
0 0.389844 0.572917 0.103125 0.112500
0 0.521875 0.482639 0.007812 0.026389
0 0.428125 0.530556 0.056250 0.058333
1 0.537891 0.484028 0.027344 0.062500
4 0.705078 0.525694 0.036719 0.079167
4 0.751953 0.536806 0.047656 0.101389
4 0.688672 0.518056 0.028906 0.083333