6 0.575391 0.742361 0.849219 0.515278
7 0.157812 0.292361 0.315625 0.584722
7 0.843750 0.288889 0.312500 0.577778
5 0.303906 0.414583 0.196875 0.348611
5 0.889453 0.439583 0.214844 0.312500
5 0.119141 0.411806 0.238281 0.484722
5 0.698047 0.445833 0.096094 0.158333
0 0.546875 0.518056 0.026562 0.055556
0 0.467578 0.491667 0.028906 0.030556
0 0.581641 0.525694 0.061719 0.079167
0 0.159375 0.866667 0.318750 0.266667
1 0.526953 0.477083 0.019531 0.045833
4 0.737109 0.534028 0.041406 0.087500
4 0.779297 0.547222 0.052344 0.113889
4 0.709375 0.527778 0.037500 0.091667