6 0.500000 0.742361 1.000000 0.515278
7 0.157812 0.292361 0.315625 0.584722
7 0.843750 0.288889 0.312500 0.577778
5 0.303906 0.414583 0.196875 0.348611
5 0.848047 0.439583 0.297656 0.312500
5 0.119141 0.411806 0.238281 0.484722
5 0.704688 0.446528 0.082812 0.159722
0 0.520703 0.483333 0.013281 0.022222
0 0.425391 0.532639 0.063281 0.070833
0 0.526563 0.486806 0.007812 0.031944
0 0.449609 0.513194 0.038281 0.045833
1 0.546484 0.488194 0.033594 0.076389
4 0.695312 0.522222 0.034375 0.075000
4 0.742969 0.530556 0.045312 0.097222
4 0.680078 0.517361 0.027344 0.079167