6 0.500000 0.742361 1.000000 0.515278
7 0.157812 0.292361 0.315625 0.584722
7 0.843750 0.288889 0.312500 0.577778
5 0.295703 0.414583 0.180469 0.348611
5 0.848047 0.439583 0.297656 0.312500
5 0.119141 0.411806 0.238281 0.484722
5 0.704688 0.449306 0.082812 0.165278
0 0.519531 0.482639 0.012500 0.020833
0 0.419922 0.538889 0.069531 0.077778
0 0.525781 0.485417 0.007812 0.029167
0 0.445703 0.516667 0.041406 0.050000
1 0.544141 0.487500 0.032031 0.072222
4 0.696875 0.522222 0.034375 0.075000
4 0.744531 0.534028 0.045312 0.098611
4 0.681641 0.515972 0.027344 0.079167