6 0.500000 0.742361 1.000000 0.515278
7 0.157812 0.292361 0.315625 0.584722
7 0.843750 0.288889 0.312500 0.577778
5 0.303906 0.414583 0.196875 0.348611
5 0.848047 0.439583 0.297656 0.312500
5 0.119141 0.411806 0.238281 0.484722
5 0.704688 0.449306 0.082812 0.165278
0 0.524219 0.486111 0.014063 0.025000
0 0.438672 0.518056 0.049219 0.055556
0 0.530469 0.490972 0.009375 0.034722
0 0.460156 0.504167 0.031250 0.038889
1 0.555078 0.493056 0.039844 0.088889
4 0.689844 0.520833 0.034375 0.072222
4 0.735938 0.529167 0.043750 0.094444
4 0.672656 0.514583 0.026562 0.076389