6 0.500000 0.742361 1.000000 0.515278
7 0.157812 0.292361 0.315625 0.584722
7 0.843750 0.288889 0.312500 0.577778
5 0.294922 0.414583 0.178906 0.348611
5 0.848047 0.439583 0.297656 0.312500
5 0.119141 0.411806 0.238281 0.484722
5 0.704688 0.449306 0.082812 0.165278
0 0.519531 0.482639 0.012500 0.020833
0 0.419141 0.540278 0.071094 0.077778
0 0.525000 0.485417 0.007812 0.029167
0 0.444922 0.518056 0.041406 0.050000
1 0.543750 0.486806 0.031250 0.070833
4 0.697266 0.522917 0.035156 0.076389
4 0.744922 0.534028 0.046094 0.098611
4 0.682422 0.516667 0.027344 0.080556