6 0.500000 0.742361 1.000000 0.515278
7 0.157812 0.292361 0.315625 0.584722
7 0.843750 0.288889 0.312500 0.577778
5 0.303906 0.414583 0.196875 0.348611
5 0.848047 0.439583 0.297656 0.312500
5 0.119141 0.411806 0.238281 0.484722
5 0.704688 0.445833 0.082812 0.158333
0 0.520312 0.483333 0.012500 0.022222
0 0.424609 0.533333 0.064844 0.072222
0 0.526172 0.486111 0.008594 0.030556
0 0.448437 0.513889 0.039062 0.047222
1 0.545703 0.487500 0.033594 0.075000
4 0.695312 0.520833 0.034375 0.075000
4 0.742969 0.530556 0.045312 0.097222
4 0.680078 0.517361 0.027344 0.079167