6 0.404297 0.742361 0.808594 0.515278
7 0.157812 0.292361 0.315625 0.584722
7 0.843750 0.288889 0.312500 0.577778
5 0.284766 0.414583 0.158594 0.348611
5 0.848047 0.439583 0.297656 0.312500
5 0.119141 0.411806 0.238281 0.484722
5 0.704688 0.450694 0.082812 0.168056
0 0.835938 0.855556 0.328125 0.288889
0 0.406250 0.554861 0.084375 0.093056
0 0.523438 0.484028 0.007812 0.026389
0 0.436719 0.522222 0.048438 0.050000
1 0.540234 0.484722 0.028906 0.066667
4 0.702344 0.522917 0.037500 0.076389
4 0.748828 0.533333 0.046094 0.100000
4 0.685547 0.521528 0.027344 0.081944