6 0.500000 0.742361 1.000000 0.515278
7 0.157812 0.292361 0.315625 0.584722
7 0.843750 0.288889 0.312500 0.577778
5 0.303906 0.414583 0.196875 0.348611
5 0.848047 0.439583 0.297656 0.312500
5 0.119141 0.411806 0.238281 0.484722
5 0.704688 0.443750 0.082812 0.154167
0 0.521484 0.484722 0.013281 0.022222
0 0.430469 0.526389 0.057813 0.063889
0 0.527734 0.488194 0.008594 0.031944
0 0.453516 0.510417 0.035156 0.043056
1 0.548828 0.489583 0.035156 0.079167
4 0.693750 0.521528 0.035937 0.073611
4 0.740234 0.533333 0.044531 0.094444
4 0.677344 0.519444 0.026562 0.077778