6 0.500000 0.742361 1.000000 0.515278
7 0.157812 0.292361 0.315625 0.584722
7 0.843750 0.288889 0.312500 0.577778
5 0.303906 0.414583 0.196875 0.348611
5 0.848047 0.439583 0.297656 0.312500
5 0.119141 0.411806 0.238281 0.484722
5 0.704688 0.448611 0.082812 0.163889
0 0.522266 0.484722 0.013281 0.022222
0 0.433203 0.524306 0.055469 0.062500
0 0.528516 0.488194 0.008594 0.031944
0 0.455859 0.508333 0.033594 0.041667
1 0.550391 0.490972 0.036719 0.081944
4 0.691797 0.520139 0.033594 0.073611
4 0.739453 0.532639 0.044531 0.095833
4 0.675781 0.517361 0.026562 0.076389