6 0.500000 0.742361 1.000000 0.515278
7 0.157812 0.292361 0.315625 0.584722
7 0.843750 0.288889 0.312500 0.577778
5 0.291797 0.414583 0.172656 0.348611
5 0.848047 0.439583 0.297656 0.312500
5 0.119141 0.411806 0.238281 0.484722
5 0.704688 0.449306 0.082812 0.165278
0 0.518750 0.482639 0.012500 0.020833
0 0.414844 0.544444 0.075000 0.083333
0 0.524609 0.484722 0.008594 0.027778
0 0.442188 0.519444 0.043750 0.050000
1 0.542578 0.486111 0.030469 0.069444
4 0.699609 0.524306 0.036719 0.076389
4 0.746484 0.536111 0.046094 0.097222
4 0.683594 0.518750 0.028125 0.079167