6 0.500000 0.742361 1.000000 0.515278
7 0.157812 0.292361 0.315625 0.584722
7 0.843750 0.288889 0.312500 0.577778
5 0.303906 0.414583 0.196875 0.348611
5 0.848047 0.439583 0.297656 0.312500
5 0.119141 0.411806 0.238281 0.484722
5 0.704688 0.450000 0.082812 0.166667
0 0.521094 0.483333 0.012500 0.022222
0 0.426953 0.530556 0.061719 0.069444
0 0.526953 0.486806 0.008594 0.029167
0 0.451172 0.512500 0.036719 0.044444
1 0.546875 0.488889 0.034375 0.077778
4 0.695312 0.522222 0.035937 0.075000
4 0.741797 0.531944 0.044531 0.097222
4 0.679297 0.518750 0.027344 0.079167