6 0.500000 0.742361 1.000000 0.515278
7 0.157812 0.292361 0.315625 0.584722
7 0.843750 0.288889 0.312500 0.577778
5 0.299609 0.414583 0.188281 0.348611
5 0.848047 0.439583 0.297656 0.312500
5 0.119141 0.411806 0.238281 0.484722
5 0.704688 0.445833 0.082812 0.158333
0 0.520312 0.483333 0.012500 0.022222
0 0.423438 0.535417 0.065625 0.073611
0 0.526172 0.485417 0.008594 0.029167
0 0.447656 0.515278 0.039062 0.047222
1 0.545312 0.487500 0.032813 0.075000
4 0.696094 0.520833 0.034375 0.075000
4 0.743750 0.531250 0.045312 0.098611
4 0.680859 0.515972 0.027344 0.079167