6 0.500000 0.742361 1.000000 0.515278
7 0.157812 0.292361 0.315625 0.584722
7 0.843750 0.288889 0.312500 0.577778
5 0.303906 0.414583 0.196875 0.348611
5 0.848047 0.439583 0.297656 0.312500
5 0.119141 0.411806 0.238281 0.484722
5 0.704688 0.449306 0.082812 0.165278
0 0.521484 0.484028 0.013281 0.023611
0 0.428906 0.529167 0.059375 0.066667
0 0.527734 0.487500 0.008594 0.030556
0 0.452344 0.511111 0.035937 0.044444
1 0.548047 0.489583 0.035156 0.079167
4 0.694531 0.522222 0.035937 0.075000
4 0.741016 0.532639 0.044531 0.095833
4 0.678125 0.519444 0.026562 0.077778