6 0.500000 0.742361 1.000000 0.515278
7 0.157812 0.292361 0.315625 0.584722
7 0.843750 0.288889 0.312500 0.577778
5 0.303906 0.414583 0.196875 0.348611
5 0.848047 0.439583 0.297656 0.312500
5 0.119141 0.411806 0.238281 0.484722
5 0.704688 0.449306 0.082812 0.165278
0 0.525000 0.487500 0.014063 0.025000
0 0.441406 0.515278 0.046875 0.052778
0 0.531250 0.492361 0.010937 0.037500
0 0.462500 0.502778 0.029687 0.036111
1 0.557813 0.495139 0.042188 0.093056
4 0.688672 0.518750 0.035156 0.070833
4 0.734766 0.531250 0.042969 0.093056
4 0.670312 0.516667 0.026562 0.075000