6 0.500000 0.742361 1.000000 0.515278
7 0.157812 0.292361 0.315625 0.584722
7 0.843750 0.288889 0.312500 0.577778
5 0.303906 0.414583 0.196875 0.348611
5 0.848047 0.439583 0.297656 0.312500
5 0.119141 0.411806 0.238281 0.484722
5 0.704688 0.443750 0.082812 0.154167
0 0.522656 0.485417 0.014063 0.023611
0 0.434766 0.522222 0.053906 0.061111
0 0.529297 0.488889 0.008594 0.033333
0 0.456641 0.507639 0.033594 0.040278
1 0.551562 0.491667 0.037500 0.083333
4 0.691797 0.519444 0.035156 0.072222
4 0.738281 0.531250 0.043750 0.095833
4 0.675000 0.515972 0.026562 0.076389