6 0.500000 0.742361 1.000000 0.515278
7 0.157812 0.292361 0.315625 0.584722
7 0.843750 0.288889 0.312500 0.577778
5 0.303906 0.414583 0.196875 0.348611
5 0.848047 0.439583 0.297656 0.312500
5 0.119141 0.411806 0.238281 0.484722
5 0.704688 0.443750 0.082812 0.154167
0 0.523047 0.485417 0.013281 0.023611
0 0.435156 0.521528 0.053125 0.059722
0 0.529297 0.488889 0.008594 0.033333
0 0.457422 0.506250 0.032031 0.040278
1 0.552344 0.492361 0.037500 0.084722
4 0.691797 0.520139 0.035156 0.073611
4 0.738281 0.530556 0.043750 0.094444
4 0.674609 0.514583 0.027344 0.076389