6 0.434766 0.742361 0.869531 0.515278
7 0.157812 0.292361 0.315625 0.584722
7 0.843750 0.288889 0.312500 0.577778
5 0.287109 0.414583 0.163281 0.348611
5 0.848047 0.439583 0.297656 0.312500
5 0.119141 0.411806 0.238281 0.484722
5 0.704688 0.449306 0.082812 0.165278
0 0.853906 0.881250 0.292187 0.237500
0 0.409375 0.550694 0.081250 0.090278
0 0.523438 0.484028 0.007812 0.026389
0 0.438672 0.520139 0.046094 0.048611
1 0.541016 0.485417 0.030469 0.068056
4 0.700391 0.522917 0.035156 0.076389
4 0.748047 0.534722 0.046094 0.100000
4 0.684766 0.520833 0.027344 0.080556