6 0.500000 0.742361 1.000000 0.515278
7 0.157812 0.292361 0.315625 0.584722
7 0.843750 0.288889 0.312500 0.577778
5 0.303906 0.414583 0.196875 0.348611
5 0.848047 0.439583 0.297656 0.312500
5 0.119141 0.411806 0.238281 0.484722
5 0.704688 0.450000 0.082812 0.166667
0 0.521094 0.483333 0.012500 0.022222
0 0.428125 0.529861 0.060937 0.068056
0 0.527344 0.488194 0.007812 0.031944
0 0.451562 0.511111 0.035937 0.044444
1 0.547656 0.488889 0.034375 0.077778
4 0.693750 0.522222 0.034375 0.075000
4 0.741406 0.531944 0.045312 0.097222
4 0.678516 0.519444 0.027344 0.077778