6 0.500000 0.742361 1.000000 0.515278
7 0.157812 0.292361 0.315625 0.584722
7 0.843750 0.288889 0.312500 0.577778
5 0.290625 0.414583 0.170313 0.348611
5 0.848047 0.439583 0.297656 0.312500
5 0.119141 0.411806 0.238281 0.484722
5 0.704688 0.449306 0.082812 0.165278
0 0.907422 0.943056 0.185156 0.113889
0 0.414062 0.546528 0.076563 0.084722
0 0.524219 0.484722 0.007812 0.027778
0 0.441016 0.520139 0.044531 0.051389
1 0.541797 0.486111 0.030469 0.069444
4 0.700000 0.524306 0.037500 0.076389
4 0.746484 0.536111 0.046094 0.097222
4 0.683984 0.519444 0.027344 0.080556