6 0.500000 0.742361 1.000000 0.515278
7 0.157812 0.292361 0.315625 0.584722
7 0.843750 0.288889 0.312500 0.577778
5 0.303906 0.414583 0.196875 0.348611
5 0.848047 0.439583 0.297656 0.312500
5 0.119141 0.411806 0.238281 0.484722
5 0.704688 0.450000 0.082812 0.166667
0 0.523438 0.485417 0.014063 0.023611
0 0.435547 0.520833 0.052344 0.058333
0 0.529687 0.488889 0.009375 0.033333
0 0.458203 0.506250 0.032031 0.040278
1 0.552734 0.491667 0.038281 0.086111
4 0.690234 0.520139 0.033594 0.073611
4 0.737891 0.529861 0.044531 0.095833
4 0.674219 0.514583 0.026562 0.076389