6 0.500000 0.742361 1.000000 0.515278
7 0.157812 0.292361 0.315625 0.584722
7 0.843750 0.288889 0.312500 0.577778
5 0.303906 0.414583 0.196875 0.348611
5 0.848047 0.439583 0.297656 0.312500
5 0.119141 0.411806 0.238281 0.484722
5 0.704688 0.449306 0.082812 0.165278
0 0.524609 0.486111 0.014844 0.025000
0 0.441016 0.515972 0.047656 0.054167
0 0.531250 0.491667 0.010937 0.036111
0 0.461719 0.502778 0.029687 0.036111
1 0.556641 0.494444 0.041406 0.091667
4 0.689063 0.519444 0.034375 0.072222
4 0.735156 0.530556 0.043750 0.094444
4 0.671094 0.515972 0.026562 0.076389