6 0.500000 0.742361 1.000000 0.515278
7 0.157812 0.292361 0.315625 0.584722
7 0.843750 0.288889 0.312500 0.577778
5 0.296875 0.414583 0.182812 0.348611
5 0.848047 0.439583 0.297656 0.312500
5 0.119141 0.411806 0.238281 0.484722
5 0.704688 0.450694 0.082812 0.168056
0 0.519531 0.482639 0.012500 0.020833
0 0.421094 0.537500 0.068750 0.075000
0 0.525781 0.486111 0.007812 0.030556
0 0.446094 0.515972 0.040625 0.048611
1 0.544531 0.487500 0.032813 0.072222
4 0.696484 0.521528 0.035156 0.076389
4 0.744531 0.532639 0.045312 0.098611
4 0.681641 0.515972 0.027344 0.079167