6 0.500000 0.742361 1.000000 0.515278
7 0.157812 0.292361 0.315625 0.584722
7 0.843750 0.288889 0.312500 0.577778
5 0.294141 0.414583 0.177344 0.348611
5 0.848047 0.439583 0.297656 0.312500
5 0.119141 0.411806 0.238281 0.484722
5 0.704688 0.449306 0.082812 0.165278
0 0.519141 0.482639 0.011719 0.020833
0 0.417969 0.541667 0.071875 0.080556
0 0.525000 0.485417 0.007812 0.029167
0 0.443750 0.517361 0.042188 0.048611
1 0.542969 0.486806 0.031250 0.070833
4 0.698828 0.523611 0.036719 0.075000
4 0.745313 0.534722 0.045312 0.097222
4 0.682422 0.500000 0.027344 0.044444