6 0.500000 0.742361 1.000000 0.515278
7 0.157812 0.292361 0.315625 0.584722
7 0.843750 0.288889 0.312500 0.577778
5 0.303906 0.414583 0.196875 0.348611
5 0.848047 0.439583 0.297656 0.312500
5 0.119141 0.411806 0.238281 0.484722
5 0.704688 0.449306 0.082812 0.165278
0 0.524219 0.486111 0.014063 0.025000
0 0.439453 0.517361 0.049219 0.054167
0 0.530859 0.491667 0.010156 0.036111
0 0.460547 0.503472 0.030469 0.037500
1 0.555859 0.493750 0.039844 0.090278
4 0.689453 0.520833 0.035156 0.072222
4 0.735938 0.529167 0.043750 0.094444
4 0.671875 0.514583 0.026562 0.076389