6 0.392578 0.742361 0.785156 0.515278
7 0.157812 0.292361 0.315625 0.584722
7 0.843750 0.288889 0.312500 0.577778
5 0.283594 0.414583 0.156250 0.348611
5 0.848047 0.439583 0.297656 0.312500
5 0.119141 0.411806 0.238281 0.484722
5 0.704688 0.447222 0.082812 0.161111
0 0.828906 0.843056 0.342187 0.313889
0 0.404687 0.556250 0.087500 0.095833
0 0.523047 0.483333 0.008594 0.025000
0 0.435937 0.522917 0.048438 0.051389
1 0.539844 0.484722 0.029687 0.066667
4 0.701562 0.523611 0.035937 0.077778
4 0.748828 0.533333 0.046094 0.100000
4 0.685937 0.521528 0.028125 0.081944