6 0.500000 0.742361 1.000000 0.515278
7 0.157812 0.292361 0.315625 0.584722
7 0.843750 0.288889 0.312500 0.577778
5 0.303906 0.414583 0.196875 0.348611
5 0.848047 0.439583 0.297656 0.312500
5 0.119141 0.411806 0.238281 0.484722
5 0.704688 0.443750 0.082812 0.154167
0 0.522656 0.485417 0.014063 0.023611
0 0.433594 0.523611 0.054688 0.061111
0 0.529297 0.489583 0.008594 0.034722
0 0.455859 0.507639 0.033594 0.040278
1 0.551172 0.490972 0.036719 0.081944
4 0.692187 0.519444 0.035937 0.072222
4 0.738672 0.531944 0.044531 0.094444
4 0.675391 0.516667 0.027344 0.077778