6 0.500000 0.742361 1.000000 0.515278
7 0.157812 0.292361 0.315625 0.584722
7 0.843750 0.288889 0.312500 0.577778
5 0.303906 0.414583 0.196875 0.348611
5 0.848047 0.439583 0.297656 0.312500
5 0.119141 0.411806 0.238281 0.484722
5 0.704688 0.449306 0.082812 0.165278
0 0.524219 0.486111 0.014063 0.025000
0 0.439844 0.515972 0.048438 0.054167
0 0.530859 0.491667 0.010156 0.036111
0 0.461328 0.503472 0.030469 0.037500
1 0.556250 0.494444 0.040625 0.091667
4 0.689063 0.519444 0.034375 0.072222
4 0.735547 0.530556 0.042969 0.094444
4 0.671875 0.515972 0.026562 0.076389