6 0.500000 0.742361 1.000000 0.515278
7 0.157812 0.292361 0.315625 0.584722
7 0.843750 0.288889 0.312500 0.577778
5 0.303906 0.414583 0.196875 0.348611
5 0.848047 0.439583 0.297656 0.312500
5 0.119141 0.411806 0.238281 0.484722
5 0.704688 0.450000 0.082812 0.166667
0 0.523438 0.485417 0.014063 0.023611
0 0.436719 0.520139 0.051562 0.056944
0 0.529687 0.490278 0.009375 0.036111
0 0.458203 0.505556 0.032031 0.038889
1 0.553516 0.492361 0.038281 0.087500
4 0.691016 0.520833 0.035156 0.072222
4 0.737500 0.529167 0.043750 0.094444
4 0.673828 0.514583 0.027344 0.076389