6 0.454297 0.742361 0.908594 0.515278
7 0.157812 0.292361 0.315625 0.584722
7 0.843750 0.288889 0.312500 0.577778
5 0.288281 0.414583 0.165625 0.348611
5 0.848047 0.439583 0.297656 0.312500
5 0.119141 0.411806 0.238281 0.484722
5 0.704688 0.449306 0.082812 0.165278
0 0.866016 0.897222 0.267969 0.205556
0 0.410938 0.549306 0.079687 0.087500
0 0.524219 0.484722 0.007812 0.027778
0 0.439453 0.520139 0.046094 0.048611
1 0.541406 0.485417 0.029687 0.068056
4 0.700781 0.523611 0.037500 0.077778
4 0.747266 0.535417 0.046094 0.098611
4 0.684766 0.520833 0.027344 0.080556