6 0.478906 0.742361 0.957812 0.515278
7 0.157812 0.292361 0.315625 0.584722
7 0.843750 0.288889 0.312500 0.577778
5 0.289453 0.414583 0.167969 0.348611
5 0.848047 0.439583 0.297656 0.312500
5 0.119141 0.411806 0.238281 0.484722
5 0.704688 0.449306 0.082812 0.165278
0 0.881641 0.917361 0.236719 0.165278
0 0.412500 0.547222 0.078125 0.086111
0 0.524219 0.484722 0.007812 0.027778
0 0.440625 0.518750 0.045312 0.048611
1 0.541797 0.485417 0.030469 0.068056
4 0.699609 0.524306 0.035156 0.076389
4 0.747266 0.535417 0.046094 0.098611
4 0.684375 0.520833 0.028125 0.080556