6 0.500000 0.742361 1.000000 0.515278
7 0.157812 0.292361 0.315625 0.584722
7 0.843750 0.288889 0.312500 0.577778
5 0.303906 0.414583 0.196875 0.348611
5 0.848047 0.439583 0.297656 0.312500
5 0.119141 0.411806 0.238281 0.484722
5 0.704688 0.448611 0.082812 0.163889
0 0.525000 0.487500 0.014063 0.025000
0 0.441797 0.514583 0.046094 0.051389
0 0.532031 0.492361 0.010937 0.037500
0 0.462891 0.502778 0.028906 0.036111
1 0.558203 0.495833 0.042969 0.094444
4 0.687500 0.518056 0.032813 0.072222
4 0.734375 0.530556 0.043750 0.091667
4 0.669922 0.516667 0.025781 0.075000