6 0.500000 0.742361 1.000000 0.515278
7 0.157812 0.292361 0.315625 0.584722
7 0.843750 0.288889 0.312500 0.577778
5 0.303906 0.414583 0.196875 0.348611
5 0.848047 0.439583 0.297656 0.312500
5 0.119141 0.411806 0.238281 0.484722
5 0.704688 0.450000 0.082812 0.166667
0 0.523828 0.486111 0.014844 0.025000
0 0.437891 0.518750 0.050781 0.056944
0 0.530469 0.490972 0.009375 0.034722
0 0.459766 0.504861 0.030469 0.037500
1 0.554688 0.493056 0.039062 0.088889
4 0.689453 0.520833 0.033594 0.072222
4 0.736719 0.528472 0.043750 0.095833
4 0.673047 0.514583 0.027344 0.076389