6 0.417969 0.742361 0.835938 0.515278
7 0.157812 0.292361 0.315625 0.584722
7 0.843750 0.288889 0.312500 0.577778
5 0.285938 0.414583 0.160938 0.348611
5 0.848047 0.439583 0.297656 0.312500
5 0.119141 0.411806 0.238281 0.484722
5 0.704688 0.450694 0.082812 0.168056
0 0.844141 0.868056 0.311719 0.263889
0 0.407813 0.552778 0.082812 0.091667
0 0.523438 0.484028 0.007812 0.026389
0 0.437500 0.520833 0.046875 0.050000
1 0.540625 0.484722 0.029687 0.066667
4 0.700781 0.522917 0.035937 0.076389
4 0.748047 0.534722 0.046094 0.100000
4 0.684766 0.521528 0.027344 0.081944