6 0.500000 0.742361 1.000000 0.515278
7 0.157812 0.292361 0.315625 0.584722
7 0.843750 0.288889 0.312500 0.577778
5 0.303906 0.414583 0.196875 0.348611
5 0.848047 0.439583 0.297656 0.312500
5 0.119141 0.411806 0.238281 0.484722
5 0.704688 0.443750 0.082812 0.154167
0 0.522266 0.484722 0.013281 0.022222
0 0.432031 0.524306 0.056250 0.062500
0 0.528125 0.488194 0.009375 0.031944
0 0.454688 0.508333 0.034375 0.041667
1 0.550000 0.490278 0.035937 0.080556
4 0.692969 0.520139 0.035937 0.073611
4 0.739453 0.533333 0.044531 0.094444
4 0.676562 0.518056 0.026562 0.077778