6 0.382422 0.742361 0.764844 0.515278
7 0.157812 0.292361 0.315625 0.584722
7 0.843750 0.288889 0.312500 0.577778
5 0.282422 0.414583 0.153906 0.348611
5 0.848047 0.439583 0.297656 0.312500
5 0.119141 0.411806 0.238281 0.484722
5 0.704688 0.447222 0.082812 0.161111
0 0.823047 0.831944 0.353906 0.336111
0 0.402734 0.558333 0.088281 0.097222
0 0.522656 0.483333 0.007812 0.025000
0 0.434766 0.524306 0.049219 0.051389
1 0.539453 0.484028 0.028906 0.065278
4 0.703125 0.523611 0.037500 0.077778
4 0.749219 0.532639 0.046875 0.101389
4 0.686719 0.520833 0.028125 0.080556