6 0.500000 0.742361 1.000000 0.515278
7 0.157812 0.292361 0.315625 0.584722
7 0.843750 0.288889 0.312500 0.577778
5 0.298047 0.414583 0.185156 0.348611
5 0.848047 0.439583 0.297656 0.312500
5 0.119141 0.411806 0.238281 0.484722
5 0.704688 0.446528 0.082812 0.159722
0 0.519922 0.482639 0.013281 0.020833
0 0.422266 0.536111 0.066406 0.075000
0 0.525781 0.485417 0.007812 0.029167
0 0.447266 0.515972 0.039844 0.048611
1 0.544922 0.488194 0.032031 0.073611
4 0.697266 0.520833 0.036719 0.075000
4 0.743750 0.531250 0.045312 0.098611
4 0.680859 0.515972 0.027344 0.079167